# BitNet PIM calibration: MAJ3-perfect tuples on DIMM 2.
# Joined from samples_16.csv and maj_coverage_16_50.csv (majX==3,
# t_12==0, t_23==0, full_stable_cells==100, full_coverage_cells==100).
# Format: s_id bank Rfirst Rsecond open_row_0 ... open_row_15
# 384 tuples generated 2026-05-20.
72 0 45340 45823 45340 45341 45342 45343 45436 45437 45438 45439 45724 45725 45726 45727 45820 45821 45822 45823
72 0 45356 45776 45352 45356 45360 45364 45384 45388 45392 45396 45736 45740 45744 45748 45768 45772 45776 45780
72 0 45364 45568 45312 45316 45328 45332 45344 45348 45360 45364 45568 45572 45584 45588 45600 45604 45616 45620
72 0 45372 45561 45368 45369 45372 45373 45432 45433 45436 45437 45496 45497 45500 45501 45560 45561 45564 45565
72 0 45378 45726 45314 45318 45338 45342 45378 45382 45402 45406 45698 45702 45722 45726 45762 45766 45786 45790
72 0 45396 45730 45346 45348 45362 45364 45378 45380 45394 45396 45730 45732 45746 45748 45762 45764 45778 45780
72 0 45398 45698 45314 45318 45330 45334 45378 45382 45394 45398 45698 45702 45714 45718 45762 45766 45778 45782
72 0 45401 45756 45368 45369 45372 45373 45400 45401 45404 45405 45752 45753 45756 45757 45784 45785 45788 45789
72 0 45423 45523 45387 45391 45395 45399 45419 45423 45427 45431 45515 45519 45523 45527 45547 45551 45555 45559
72 0 45464 45857 45440 45441 45464 45465 45472 45473 45496 45497 45824 45825 45848 45849 45856 45857 45880 45881
72 0 45479 45713 45441 45447 45457 45463 45473 45479 45489 45495 45697 45703 45713 45719 45729 45735 45745 45751
72 0 45480 45914 45480 45482 45496 45498 45512 45514 45528 45530 45864 45866 45880 45882 45896 45898 45912 45914
72 0 45493 45682 45490 45491 45492 45493 45554 45555 45556 45557 45618 45619 45620 45621 45682 45683 45684 45685
72 0 45515 45746 45482 45483 45490 45491 45514 45515 45522 45523 45738 45739 45746 45747 45770 45771 45778 45779
72 0 45541 45938 45538 45539 45540 45541 45554 45555 45556 45557 45922 45923 45924 45925 45938 45939 45940 45941
72 0 45554 45848 45456 45458 45464 45466 45552 45554 45560 45562 45840 45842 45848 45850 45936 45938 45944 45946
72 0 45565 45664 45536 45537 45540 45541 45560 45561 45564 45565 45664 45665 45668 45669 45688 45689 45692 45693
72 0 45574 45649 45568 45569 45574 45575 45584 45585 45590 45591 45632 45633 45638 45639 45648 45649 45654 45655
72 0 45578 45918 45578 45582 45594 45598 45642 45646 45658 45662 45834 45838 45850 45854 45898 45902 45914 45918
72 0 45583 45804 45580 45581 45582 45583 45676 45677 45678 45679 45708 45709 45710 45711 45804 45805 45806 45807
72 0 45594 45932 45578 45580 45594 45596 45674 45676 45690 45692 45834 45836 45850 45852 45930 45932 45946 45948
72 0 45612 45766 45604 45606 45612 45614 45636 45638 45644 45646 45732 45734 45740 45742 45764 45766 45772 45774
72 0 45629 45862 45604 45605 45606 45607 45628 45629 45630 45631 45860 45861 45862 45863 45884 45885 45886 45887
72 0 45641 45723 45577 45579 45593 45595 45641 45643 45657 45659 45705 45707 45721 45723 45769 45771 45785 45787
72 0 45655 45758 45622 45623 45630 45631 45654 45655 45662 45663 45750 45751 45758 45759 45782 45783 45790 45791
72 0 45667 45942 45666 45667 45670 45671 45682 45683 45686 45687 45922 45923 45926 45927 45938 45939 45942 45943
72 0 45720 45885 45720 45721 45724 45725 45752 45753 45756 45757 45848 45849 45852 45853 45880 45881 45884 45885
72 0 45749 45798 45732 45733 45734 45735 45748 45749 45750 45751 45796 45797 45798 45799 45812 45813 45814 45815
72 0 45782 45832 45704 45710 45712 45718 45768 45774 45776 45782 45832 45838 45840 45846 45896 45902 45904 45910
72 0 45788 45851 45722 45723 45724 45725 45786 45787 45788 45789 45850 45851 45852 45853 45914 45915 45916 45917
78 0 49178 49622 49170 49174 49178 49182 49234 49238 49242 49246 49554 49558 49562 49566 49618 49622 49626 49630
78 0 49187 49407 49187 49191 49211 49215 49251 49255 49275 49279 49315 49319 49339 49343 49379 49383 49403 49407
78 0 49189 49292 49156 49157 49164 49165 49188 49189 49196 49197 49284 49285 49292 49293 49316 49317 49324 49325
78 0 49199 49433 49161 49167 49177 49183 49193 49199 49209 49215 49417 49423 49433 49439 49449 49455 49465 49471
78 0 49220 49512 49216 49220 49224 49228 49248 49252 49256 49260 49472 49476 49480 49484 49504 49508 49512 49516
78 0 49221 49679 49157 49159 49165 49167 49221 49223 49229 49231 49669 49671 49677 49679 49733 49735 49741 49743
78 0 49227 49554 49162 49163 49170 49171 49226 49227 49234 49235 49546 49547 49554 49555 49610 49611 49618 49619
78 0 49232 49465 49200 49201 49208 49209 49232 49233 49240 49241 49456 49457 49464 49465 49488 49489 49496 49497
78 0 49233 49358 49224 49225 49230 49231 49232 49233 49238 49239 49352 49353 49358 49359 49360 49361 49366 49367
78 0 49235 49639 49219 49223 49235 49239 49251 49255 49267 49271 49603 49607 49619 49623 49635 49639 49651 49655
78 0 49239 49509 49221 49223 49237 49239 49253 49255 49269 49271 49477 49479 49493 49495 49509 49511 49525 49527
78 0 49240 49682 49168 49170 49176 49178 49232 49234 49240 49242 49680 49682 49688 49690 49744 49746 49752 49754
78 0 49253 49708 49188 49189 49196 49197 49252 49253 49260 49261 49700 49701 49708 49709 49764 49765 49772 49773
78 0 49254 49336 49184 49190 49208 49214 49248 49254 49272 49278 49312 49318 49336 49342 49376 49382 49400 49406
78 0 49272 49481 49224 49225 49240 49241 49256 49257 49272 49273 49480 49481 49496 49497 49512 49513 49528 49529
78 0 49291 49719 49291 49295 49299 49303 49323 49327 49331 49335 49675 49679 49683 49687 49707 49711 49715 49719
78 0 49320 49521 49320 49321 49328 49329 49384 49385 49392 49393 49448 49449 49456 49457 49512 49513 49520 49521
78 0 49365 49455 49325 49327 49333 49335 49357 49359 49365 49367 49453 49455 49461 49463 49485 49487 49493 49495
78 0 49371 49461 49331 49333 49339 49341 49363 49365 49371 49373 49459 49461 49467 49469 49491 49493 49499 49501
78 0 49389 49596 49324 49325 49340 49341 49388 49389 49404 49405 49580 49581 49596 49597 49644 49645 49660 49661
78 0 49411 49650 49410 49411 49426 49427 49506 49507 49522 49523 49538 49539 49554 49555 49634 49635 49650 49651
78 0 49426 49723 49426 49427 49434 49435 49458 49459 49466 49467 49682 49683 49690 49691 49714 49715 49722 49723
78 0 49430 49580 49420 49422 49428 49430 49452 49454 49460 49462 49548 49550 49556 49558 49580 49582 49588 49590
78 0 49461 49778 49458 49459 49460 49461 49522 49523 49524 49525 49714 49715 49716 49717 49778 49779 49780 49781
78 0 49493 49580 49452 49453 49460 49461 49484 49485 49492 49493 49580 49581 49588 49589 49612 49613 49620 49621
78 0 49495 49573 49445 49447 49461 49463 49477 49479 49493 49495 49573 49575 49589 49591 49605 49607 49621 49623
78 0 49511 49555 49411 49415 49427 49431 49507 49511 49523 49527 49539 49543 49555 49559 49635 49639 49651 49655
78 0 49515 49625 49481 49483 49497 49499 49513 49515 49529 49531 49609 49611 49625 49627 49641 49643 49657 49659
78 0 49586 49731 49570 49571 49586 49587 49602 49603 49618 49619 49698 49699 49714 49715 49730 49731 49746 49747
78 0 49602 49715 49570 49571 49586 49587 49602 49603 49618 49619 49698 49699 49714 49715 49730 49731 49746 49747
78 0 49657 49696 49568 49569 49592 49593 49632 49633 49656 49657 49696 49697 49720 49721 49760 49761 49784 49785
78 0 49674 49725 49674 49675 49676 49677 49690 49691 49692 49693 49706 49707 49708 49709 49722 49723 49724 49725
78 0 49677 49744 49672 49673 49676 49677 49680 49681 49684 49685 49736 49737 49740 49741 49744 49745 49748 49749
86 0 54150 54620 54148 54150 54172 54174 54212 54214 54236 54238 54532 54534 54556 54558 54596 54598 54620 54622
86 0 54163 54503 54147 54151 54163 54167 54243 54247 54259 54263 54403 54407 54419 54423 54499 54503 54515 54519
86 0 54167 54212 54148 54149 54150 54151 54164 54165 54166 54167 54212 54213 54214 54215 54228 54229 54230 54231
86 0 54170 54257 54160 54161 54162 54163 54168 54169 54170 54171 54256 54257 54258 54259 54264 54265 54266 54267
86 0 54216 54713 54184 54185 54200 54201 54216 54217 54232 54233 54696 54697 54712 54713 54728 54729 54744 54745
86 0 54225 54620 54224 54225 54228 54229 54232 54233 54236 54237 54608 54609 54612 54613 54616 54617 54620 54621
86 0 54225 54659 54145 54147 54161 54163 54209 54211 54225 54227 54657 54659 54673 54675 54721 54723 54737 54739
86 0 54230 54771 54226 54227 54230 54231 54258 54259 54262 54263 54738 54739 54742 54743 54770 54771 54774 54775
86 0 54237 54338 54210 54211 54212 54213 54234 54235 54236 54237 54338 54339 54340 54341 54362 54363 54364 54365
86 0 54241 54739 54209 54211 54225 54227 54241 54243 54257 54259 54721 54723 54737 54739 54753 54755 54769 54771
86 0 54261 54607 54221 54223 54229 54231 54253 54255 54261 54263 54605 54607 54613 54615 54637 54639 54645 54647
86 0 54274 54518 54274 54278 54290 54294 54370 54374 54386 54390 54402 54406 54418 54422 54498 54502 54514 54518
86 0 54275 54326 54274 54275 54278 54279 54290 54291 54294 54295 54306 54307 54310 54311 54322 54323 54326 54327
86 0 54297 54356 54288 54289 54292 54293 54296 54297 54300 54301 54352 54353 54356 54357 54360 54361 54364 54365
86 0 54303 54693 54277 54279 54301 54303 54309 54311 54333 54335 54661 54663 54685 54687 54693 54695 54717 54719
86 0 54306 54427 54274 54275 54298 54299 54306 54307 54330 54331 54402 54403 54426 54427 54434 54435 54458 54459
86 0 54309 54576 54304 54305 54308 54309 54320 54321 54324 54325 54560 54561 54564 54565 54576 54577 54580 54581
86 0 54320 54666 54280 54282 54288 54290 54312 54314 54320 54322 54664 54666 54672 54674 54696 54698 54704 54706
86 0 54336 54403 54272 54273 54274 54275 54336 54337 54338 54339 54400 54401 54402 54403 54464 54465 54466 54467
86 0 54338 54613 54338 54339 54340 54341 54354 54355 54356 54357 54594 54595 54596 54597 54610 54611 54612 54613
86 0 54345 54576 54312 54313 54320 54321 54344 54345 54352 54353 54568 54569 54576 54577 54600 54601 54608 54609
86 0 54367 54524 54364 54365 54366 54367 54396 54397 54398 54399 54492 54493 54494 54495 54524 54525 54526 54527
86 0 54384 54655 54384 54385 54390 54391 54392 54393 54398 54399 54640 54641 54646 54647 54648 54649 54654 54655
86 0 54412 54770 54410 54412 54418 54420 54506 54508 54514 54516 54666 54668 54674 54676 54762 54764 54770 54772
86 0 54419 54719 54419 54423 54427 54431 54451 54455 54459 54463 54675 54679 54683 54687 54707 54711 54715 54719
86 0 54423 54474 54410 54411 54414 54415 54418 54419 54422 54423 54474 54475 54478 54479 54482 54483 54486 54487
86 0 54427 54444 54410 54411 54412 54413 54426 54427 54428 54429 54442 54443 54444 54445 54458 54459 54460 54461
86 0 54479 54616 54472 54473 54478 54479 54488 54489 54494 54495 54600 54601 54606 54607 54616 54617 54622 54623
86 0 54510 54692 54436 54438 54444 54446 54500 54502 54508 54510 54692 54694 54700 54702 54756 54758 54764 54766
86 0 54511 54710 54446 54447 54454 54455 54510 54511 54518 54519 54702 54703 54710 54711 54766 54767 54774 54775
86 0 54524 54600 54472 54476 54488 54492 54504 54508 54520 54524 54600 54604 54616 54620 54632 54636 54648 54652
86 0 54590 54764 54572 54574 54588 54590 54636 54638 54652 54654 54700 54702 54716 54718 54764 54766 54780 54782
86 0 54600 54769 54600 54601 54608 54609 54632 54633 54640 54641 54728 54729 54736 54737 54760 54761 54768 54769
72 1 45340 45823 45340 45341 45342 45343 45436 45437 45438 45439 45724 45725 45726 45727 45820 45821 45822 45823
72 1 45356 45776 45352 45356 45360 45364 45384 45388 45392 45396 45736 45740 45744 45748 45768 45772 45776 45780
72 1 45364 45568 45312 45316 45328 45332 45344 45348 45360 45364 45568 45572 45584 45588 45600 45604 45616 45620
72 1 45372 45561 45368 45369 45372 45373 45432 45433 45436 45437 45496 45497 45500 45501 45560 45561 45564 45565
72 1 45378 45726 45314 45318 45338 45342 45378 45382 45402 45406 45698 45702 45722 45726 45762 45766 45786 45790
72 1 45396 45730 45346 45348 45362 45364 45378 45380 45394 45396 45730 45732 45746 45748 45762 45764 45778 45780
72 1 45398 45698 45314 45318 45330 45334 45378 45382 45394 45398 45698 45702 45714 45718 45762 45766 45778 45782
72 1 45401 45756 45368 45369 45372 45373 45400 45401 45404 45405 45752 45753 45756 45757 45784 45785 45788 45789
72 1 45423 45523 45387 45391 45395 45399 45419 45423 45427 45431 45515 45519 45523 45527 45547 45551 45555 45559
72 1 45464 45857 45440 45441 45464 45465 45472 45473 45496 45497 45824 45825 45848 45849 45856 45857 45880 45881
72 1 45479 45713 45441 45447 45457 45463 45473 45479 45489 45495 45697 45703 45713 45719 45729 45735 45745 45751
72 1 45480 45914 45480 45482 45496 45498 45512 45514 45528 45530 45864 45866 45880 45882 45896 45898 45912 45914
72 1 45493 45682 45490 45491 45492 45493 45554 45555 45556 45557 45618 45619 45620 45621 45682 45683 45684 45685
72 1 45515 45746 45482 45483 45490 45491 45514 45515 45522 45523 45738 45739 45746 45747 45770 45771 45778 45779
72 1 45541 45938 45538 45539 45540 45541 45554 45555 45556 45557 45922 45923 45924 45925 45938 45939 45940 45941
72 1 45554 45848 45456 45458 45464 45466 45552 45554 45560 45562 45840 45842 45848 45850 45936 45938 45944 45946
72 1 45565 45664 45536 45537 45540 45541 45560 45561 45564 45565 45664 45665 45668 45669 45688 45689 45692 45693
72 1 45574 45649 45568 45569 45574 45575 45584 45585 45590 45591 45632 45633 45638 45639 45648 45649 45654 45655
72 1 45578 45918 45578 45582 45594 45598 45642 45646 45658 45662 45834 45838 45850 45854 45898 45902 45914 45918
72 1 45583 45804 45580 45581 45582 45583 45676 45677 45678 45679 45708 45709 45710 45711 45804 45805 45806 45807
72 1 45594 45932 45578 45580 45594 45596 45674 45676 45690 45692 45834 45836 45850 45852 45930 45932 45946 45948
72 1 45612 45766 45604 45606 45612 45614 45636 45638 45644 45646 45732 45734 45740 45742 45764 45766 45772 45774
72 1 45629 45862 45604 45605 45606 45607 45628 45629 45630 45631 45860 45861 45862 45863 45884 45885 45886 45887
72 1 45641 45723 45577 45579 45593 45595 45641 45643 45657 45659 45705 45707 45721 45723 45769 45771 45785 45787
72 1 45655 45758 45622 45623 45630 45631 45654 45655 45662 45663 45750 45751 45758 45759 45782 45783 45790 45791
72 1 45667 45942 45666 45667 45670 45671 45682 45683 45686 45687 45922 45923 45926 45927 45938 45939 45942 45943
72 1 45720 45885 45720 45721 45724 45725 45752 45753 45756 45757 45848 45849 45852 45853 45880 45881 45884 45885
72 1 45749 45798 45732 45733 45734 45735 45748 45749 45750 45751 45796 45797 45798 45799 45812 45813 45814 45815
72 1 45782 45832 45704 45710 45712 45718 45768 45774 45776 45782 45832 45838 45840 45846 45896 45902 45904 45910
72 1 45788 45851 45722 45723 45724 45725 45786 45787 45788 45789 45850 45851 45852 45853 45914 45915 45916 45917
72 1 45800 45914 45768 45770 45784 45786 45800 45802 45816 45818 45896 45898 45912 45914 45928 45930 45944 45946
78 1 49178 49622 49170 49174 49178 49182 49234 49238 49242 49246 49554 49558 49562 49566 49618 49622 49626 49630
78 1 49187 49407 49187 49191 49211 49215 49251 49255 49275 49279 49315 49319 49339 49343 49379 49383 49403 49407
78 1 49199 49433 49161 49167 49177 49183 49193 49199 49209 49215 49417 49423 49433 49439 49449 49455 49465 49471
78 1 49220 49512 49216 49220 49224 49228 49248 49252 49256 49260 49472 49476 49480 49484 49504 49508 49512 49516
78 1 49221 49679 49157 49159 49165 49167 49221 49223 49229 49231 49669 49671 49677 49679 49733 49735 49741 49743
78 1 49227 49554 49162 49163 49170 49171 49226 49227 49234 49235 49546 49547 49554 49555 49610 49611 49618 49619
78 1 49232 49465 49200 49201 49208 49209 49232 49233 49240 49241 49456 49457 49464 49465 49488 49489 49496 49497
78 1 49233 49358 49224 49225 49230 49231 49232 49233 49238 49239 49352 49353 49358 49359 49360 49361 49366 49367
78 1 49235 49639 49219 49223 49235 49239 49251 49255 49267 49271 49603 49607 49619 49623 49635 49639 49651 49655
78 1 49239 49509 49221 49223 49237 49239 49253 49255 49269 49271 49477 49479 49493 49495 49509 49511 49525 49527
78 1 49253 49708 49188 49189 49196 49197 49252 49253 49260 49261 49700 49701 49708 49709 49764 49765 49772 49773
78 1 49254 49336 49184 49190 49208 49214 49248 49254 49272 49278 49312 49318 49336 49342 49376 49382 49400 49406
78 1 49272 49481 49224 49225 49240 49241 49256 49257 49272 49273 49480 49481 49496 49497 49512 49513 49528 49529
78 1 49291 49719 49291 49295 49299 49303 49323 49327 49331 49335 49675 49679 49683 49687 49707 49711 49715 49719
78 1 49320 49521 49320 49321 49328 49329 49384 49385 49392 49393 49448 49449 49456 49457 49512 49513 49520 49521
78 1 49365 49455 49325 49327 49333 49335 49357 49359 49365 49367 49453 49455 49461 49463 49485 49487 49493 49495
78 1 49371 49461 49331 49333 49339 49341 49363 49365 49371 49373 49459 49461 49467 49469 49491 49493 49499 49501
78 1 49389 49596 49324 49325 49340 49341 49388 49389 49404 49405 49580 49581 49596 49597 49644 49645 49660 49661
78 1 49411 49650 49410 49411 49426 49427 49506 49507 49522 49523 49538 49539 49554 49555 49634 49635 49650 49651
78 1 49426 49723 49426 49427 49434 49435 49458 49459 49466 49467 49682 49683 49690 49691 49714 49715 49722 49723
78 1 49430 49580 49420 49422 49428 49430 49452 49454 49460 49462 49548 49550 49556 49558 49580 49582 49588 49590
78 1 49461 49778 49458 49459 49460 49461 49522 49523 49524 49525 49714 49715 49716 49717 49778 49779 49780 49781
78 1 49493 49580 49452 49453 49460 49461 49484 49485 49492 49493 49580 49581 49588 49589 49612 49613 49620 49621
78 1 49495 49573 49445 49447 49461 49463 49477 49479 49493 49495 49573 49575 49589 49591 49605 49607 49621 49623
78 1 49511 49555 49411 49415 49427 49431 49507 49511 49523 49527 49539 49543 49555 49559 49635 49639 49651 49655
78 1 49515 49625 49481 49483 49497 49499 49513 49515 49529 49531 49609 49611 49625 49627 49641 49643 49657 49659
78 1 49586 49731 49570 49571 49586 49587 49602 49603 49618 49619 49698 49699 49714 49715 49730 49731 49746 49747
78 1 49602 49715 49570 49571 49586 49587 49602 49603 49618 49619 49698 49699 49714 49715 49730 49731 49746 49747
78 1 49657 49696 49568 49569 49592 49593 49632 49633 49656 49657 49696 49697 49720 49721 49760 49761 49784 49785
78 1 49674 49725 49674 49675 49676 49677 49690 49691 49692 49693 49706 49707 49708 49709 49722 49723 49724 49725
78 1 49677 49744 49672 49673 49676 49677 49680 49681 49684 49685 49736 49737 49740 49741 49744 49745 49748 49749
86 1 54150 54620 54148 54150 54172 54174 54212 54214 54236 54238 54532 54534 54556 54558 54596 54598 54620 54622
86 1 54163 54503 54147 54151 54163 54167 54243 54247 54259 54263 54403 54407 54419 54423 54499 54503 54515 54519
86 1 54167 54212 54148 54149 54150 54151 54164 54165 54166 54167 54212 54213 54214 54215 54228 54229 54230 54231
86 1 54170 54257 54160 54161 54162 54163 54168 54169 54170 54171 54256 54257 54258 54259 54264 54265 54266 54267
86 1 54216 54713 54184 54185 54200 54201 54216 54217 54232 54233 54696 54697 54712 54713 54728 54729 54744 54745
86 1 54225 54620 54224 54225 54228 54229 54232 54233 54236 54237 54608 54609 54612 54613 54616 54617 54620 54621
86 1 54225 54659 54145 54147 54161 54163 54209 54211 54225 54227 54657 54659 54673 54675 54721 54723 54737 54739
86 1 54230 54771 54226 54227 54230 54231 54258 54259 54262 54263 54738 54739 54742 54743 54770 54771 54774 54775
86 1 54237 54338 54210 54211 54212 54213 54234 54235 54236 54237 54338 54339 54340 54341 54362 54363 54364 54365
86 1 54241 54739 54209 54211 54225 54227 54241 54243 54257 54259 54721 54723 54737 54739 54753 54755 54769 54771
86 1 54261 54607 54221 54223 54229 54231 54253 54255 54261 54263 54605 54607 54613 54615 54637 54639 54645 54647
86 1 54274 54518 54274 54278 54290 54294 54370 54374 54386 54390 54402 54406 54418 54422 54498 54502 54514 54518
86 1 54275 54326 54274 54275 54278 54279 54290 54291 54294 54295 54306 54307 54310 54311 54322 54323 54326 54327
86 1 54297 54356 54288 54289 54292 54293 54296 54297 54300 54301 54352 54353 54356 54357 54360 54361 54364 54365
86 1 54303 54693 54277 54279 54301 54303 54309 54311 54333 54335 54661 54663 54685 54687 54693 54695 54717 54719
86 1 54306 54427 54274 54275 54298 54299 54306 54307 54330 54331 54402 54403 54426 54427 54434 54435 54458 54459
86 1 54309 54576 54304 54305 54308 54309 54320 54321 54324 54325 54560 54561 54564 54565 54576 54577 54580 54581
86 1 54320 54666 54280 54282 54288 54290 54312 54314 54320 54322 54664 54666 54672 54674 54696 54698 54704 54706
86 1 54336 54403 54272 54273 54274 54275 54336 54337 54338 54339 54400 54401 54402 54403 54464 54465 54466 54467
86 1 54338 54613 54338 54339 54340 54341 54354 54355 54356 54357 54594 54595 54596 54597 54610 54611 54612 54613
86 1 54345 54576 54312 54313 54320 54321 54344 54345 54352 54353 54568 54569 54576 54577 54600 54601 54608 54609
86 1 54367 54524 54364 54365 54366 54367 54396 54397 54398 54399 54492 54493 54494 54495 54524 54525 54526 54527
86 1 54384 54655 54384 54385 54390 54391 54392 54393 54398 54399 54640 54641 54646 54647 54648 54649 54654 54655
86 1 54412 54770 54410 54412 54418 54420 54506 54508 54514 54516 54666 54668 54674 54676 54762 54764 54770 54772
86 1 54419 54719 54419 54423 54427 54431 54451 54455 54459 54463 54675 54679 54683 54687 54707 54711 54715 54719
86 1 54423 54474 54410 54411 54414 54415 54418 54419 54422 54423 54474 54475 54478 54479 54482 54483 54486 54487
86 1 54427 54444 54410 54411 54412 54413 54426 54427 54428 54429 54442 54443 54444 54445 54458 54459 54460 54461
86 1 54479 54616 54472 54473 54478 54479 54488 54489 54494 54495 54600 54601 54606 54607 54616 54617 54622 54623
86 1 54510 54692 54436 54438 54444 54446 54500 54502 54508 54510 54692 54694 54700 54702 54756 54758 54764 54766
86 1 54511 54710 54446 54447 54454 54455 54510 54511 54518 54519 54702 54703 54710 54711 54766 54767 54774 54775
86 1 54524 54600 54472 54476 54488 54492 54504 54508 54520 54524 54600 54604 54616 54620 54632 54636 54648 54652
86 1 54590 54764 54572 54574 54588 54590 54636 54638 54652 54654 54700 54702 54716 54718 54764 54766 54780 54782
86 1 54591 54765 54573 54575 54589 54591 54637 54639 54653 54655 54701 54703 54717 54719 54765 54767 54781 54783
86 1 54600 54769 54600 54601 54608 54609 54632 54633 54640 54641 54728 54729 54736 54737 54760 54761 54768 54769
72 2 45340 45823 45340 45341 45342 45343 45436 45437 45438 45439 45724 45725 45726 45727 45820 45821 45822 45823
72 2 45356 45776 45352 45356 45360 45364 45384 45388 45392 45396 45736 45740 45744 45748 45768 45772 45776 45780
72 2 45364 45568 45312 45316 45328 45332 45344 45348 45360 45364 45568 45572 45584 45588 45600 45604 45616 45620
72 2 45372 45561 45368 45369 45372 45373 45432 45433 45436 45437 45496 45497 45500 45501 45560 45561 45564 45565
72 2 45378 45726 45314 45318 45338 45342 45378 45382 45402 45406 45698 45702 45722 45726 45762 45766 45786 45790
72 2 45396 45730 45346 45348 45362 45364 45378 45380 45394 45396 45730 45732 45746 45748 45762 45764 45778 45780
72 2 45398 45698 45314 45318 45330 45334 45378 45382 45394 45398 45698 45702 45714 45718 45762 45766 45778 45782
72 2 45423 45523 45387 45391 45395 45399 45419 45423 45427 45431 45515 45519 45523 45527 45547 45551 45555 45559
72 2 45464 45857 45440 45441 45464 45465 45472 45473 45496 45497 45824 45825 45848 45849 45856 45857 45880 45881
72 2 45479 45713 45441 45447 45457 45463 45473 45479 45489 45495 45697 45703 45713 45719 45729 45735 45745 45751
72 2 45480 45914 45480 45482 45496 45498 45512 45514 45528 45530 45864 45866 45880 45882 45896 45898 45912 45914
72 2 45493 45682 45490 45491 45492 45493 45554 45555 45556 45557 45618 45619 45620 45621 45682 45683 45684 45685
72 2 45515 45746 45482 45483 45490 45491 45514 45515 45522 45523 45738 45739 45746 45747 45770 45771 45778 45779
72 2 45554 45848 45456 45458 45464 45466 45552 45554 45560 45562 45840 45842 45848 45850 45936 45938 45944 45946
72 2 45565 45664 45536 45537 45540 45541 45560 45561 45564 45565 45664 45665 45668 45669 45688 45689 45692 45693
72 2 45574 45649 45568 45569 45574 45575 45584 45585 45590 45591 45632 45633 45638 45639 45648 45649 45654 45655
72 2 45578 45918 45578 45582 45594 45598 45642 45646 45658 45662 45834 45838 45850 45854 45898 45902 45914 45918
72 2 45583 45804 45580 45581 45582 45583 45676 45677 45678 45679 45708 45709 45710 45711 45804 45805 45806 45807
72 2 45594 45932 45578 45580 45594 45596 45674 45676 45690 45692 45834 45836 45850 45852 45930 45932 45946 45948
72 2 45612 45766 45604 45606 45612 45614 45636 45638 45644 45646 45732 45734 45740 45742 45764 45766 45772 45774
72 2 45629 45862 45604 45605 45606 45607 45628 45629 45630 45631 45860 45861 45862 45863 45884 45885 45886 45887
72 2 45641 45723 45577 45579 45593 45595 45641 45643 45657 45659 45705 45707 45721 45723 45769 45771 45785 45787
72 2 45655 45758 45622 45623 45630 45631 45654 45655 45662 45663 45750 45751 45758 45759 45782 45783 45790 45791
72 2 45667 45942 45666 45667 45670 45671 45682 45683 45686 45687 45922 45923 45926 45927 45938 45939 45942 45943
72 2 45720 45885 45720 45721 45724 45725 45752 45753 45756 45757 45848 45849 45852 45853 45880 45881 45884 45885
72 2 45749 45798 45732 45733 45734 45735 45748 45749 45750 45751 45796 45797 45798 45799 45812 45813 45814 45815
72 2 45782 45832 45704 45710 45712 45718 45768 45774 45776 45782 45832 45838 45840 45846 45896 45902 45904 45910
72 2 45788 45851 45722 45723 45724 45725 45786 45787 45788 45789 45850 45851 45852 45853 45914 45915 45916 45917
72 2 45800 45914 45768 45770 45784 45786 45800 45802 45816 45818 45896 45898 45912 45914 45928 45930 45944 45946
78 2 49178 49622 49170 49174 49178 49182 49234 49238 49242 49246 49554 49558 49562 49566 49618 49622 49626 49630
78 2 49189 49292 49156 49157 49164 49165 49188 49189 49196 49197 49284 49285 49292 49293 49316 49317 49324 49325
78 2 49199 49433 49161 49167 49177 49183 49193 49199 49209 49215 49417 49423 49433 49439 49449 49455 49465 49471
78 2 49220 49512 49216 49220 49224 49228 49248 49252 49256 49260 49472 49476 49480 49484 49504 49508 49512 49516
78 2 49221 49679 49157 49159 49165 49167 49221 49223 49229 49231 49669 49671 49677 49679 49733 49735 49741 49743
78 2 49227 49554 49162 49163 49170 49171 49226 49227 49234 49235 49546 49547 49554 49555 49610 49611 49618 49619
78 2 49232 49465 49200 49201 49208 49209 49232 49233 49240 49241 49456 49457 49464 49465 49488 49489 49496 49497
78 2 49233 49358 49224 49225 49230 49231 49232 49233 49238 49239 49352 49353 49358 49359 49360 49361 49366 49367
78 2 49235 49639 49219 49223 49235 49239 49251 49255 49267 49271 49603 49607 49619 49623 49635 49639 49651 49655
78 2 49239 49509 49221 49223 49237 49239 49253 49255 49269 49271 49477 49479 49493 49495 49509 49511 49525 49527
78 2 49240 49682 49168 49170 49176 49178 49232 49234 49240 49242 49680 49682 49688 49690 49744 49746 49752 49754
78 2 49253 49708 49188 49189 49196 49197 49252 49253 49260 49261 49700 49701 49708 49709 49764 49765 49772 49773
78 2 49254 49336 49184 49190 49208 49214 49248 49254 49272 49278 49312 49318 49336 49342 49376 49382 49400 49406
78 2 49272 49481 49224 49225 49240 49241 49256 49257 49272 49273 49480 49481 49496 49497 49512 49513 49528 49529
78 2 49291 49719 49291 49295 49299 49303 49323 49327 49331 49335 49675 49679 49683 49687 49707 49711 49715 49719
78 2 49320 49521 49320 49321 49328 49329 49384 49385 49392 49393 49448 49449 49456 49457 49512 49513 49520 49521
78 2 49365 49455 49325 49327 49333 49335 49357 49359 49365 49367 49453 49455 49461 49463 49485 49487 49493 49495
78 2 49371 49461 49331 49333 49339 49341 49363 49365 49371 49373 49459 49461 49467 49469 49491 49493 49499 49501
78 2 49389 49596 49324 49325 49340 49341 49388 49389 49404 49405 49580 49581 49596 49597 49644 49645 49660 49661
78 2 49411 49650 49410 49411 49426 49427 49506 49507 49522 49523 49538 49539 49554 49555 49634 49635 49650 49651
78 2 49426 49723 49426 49427 49434 49435 49458 49459 49466 49467 49682 49683 49690 49691 49714 49715 49722 49723
78 2 49430 49580 49420 49422 49428 49430 49452 49454 49460 49462 49548 49550 49556 49558 49580 49582 49588 49590
78 2 49461 49778 49458 49459 49460 49461 49522 49523 49524 49525 49714 49715 49716 49717 49778 49779 49780 49781
78 2 49493 49580 49452 49453 49460 49461 49484 49485 49492 49493 49580 49581 49588 49589 49612 49613 49620 49621
78 2 49495 49573 49445 49447 49461 49463 49477 49479 49493 49495 49573 49575 49589 49591 49605 49607 49621 49623
78 2 49511 49555 49411 49415 49427 49431 49507 49511 49523 49527 49539 49543 49555 49559 49635 49639 49651 49655
78 2 49515 49625 49481 49483 49497 49499 49513 49515 49529 49531 49609 49611 49625 49627 49641 49643 49657 49659
78 2 49586 49731 49570 49571 49586 49587 49602 49603 49618 49619 49698 49699 49714 49715 49730 49731 49746 49747
78 2 49602 49715 49570 49571 49586 49587 49602 49603 49618 49619 49698 49699 49714 49715 49730 49731 49746 49747
78 2 49657 49696 49568 49569 49592 49593 49632 49633 49656 49657 49696 49697 49720 49721 49760 49761 49784 49785
78 2 49674 49725 49674 49675 49676 49677 49690 49691 49692 49693 49706 49707 49708 49709 49722 49723 49724 49725
78 2 49677 49744 49672 49673 49676 49677 49680 49681 49684 49685 49736 49737 49740 49741 49744 49745 49748 49749
86 2 54150 54620 54148 54150 54172 54174 54212 54214 54236 54238 54532 54534 54556 54558 54596 54598 54620 54622
86 2 54151 54664 54144 54145 54150 54151 54152 54153 54158 54159 54656 54657 54662 54663 54664 54665 54670 54671
86 2 54163 54503 54147 54151 54163 54167 54243 54247 54259 54263 54403 54407 54419 54423 54499 54503 54515 54519
86 2 54167 54212 54148 54149 54150 54151 54164 54165 54166 54167 54212 54213 54214 54215 54228 54229 54230 54231
86 2 54170 54257 54160 54161 54162 54163 54168 54169 54170 54171 54256 54257 54258 54259 54264 54265 54266 54267
86 2 54216 54713 54184 54185 54200 54201 54216 54217 54232 54233 54696 54697 54712 54713 54728 54729 54744 54745
86 2 54225 54620 54224 54225 54228 54229 54232 54233 54236 54237 54608 54609 54612 54613 54616 54617 54620 54621
86 2 54230 54771 54226 54227 54230 54231 54258 54259 54262 54263 54738 54739 54742 54743 54770 54771 54774 54775
86 2 54237 54338 54210 54211 54212 54213 54234 54235 54236 54237 54338 54339 54340 54341 54362 54363 54364 54365
86 2 54241 54739 54209 54211 54225 54227 54241 54243 54257 54259 54721 54723 54737 54739 54753 54755 54769 54771
86 2 54261 54607 54221 54223 54229 54231 54253 54255 54261 54263 54605 54607 54613 54615 54637 54639 54645 54647
86 2 54274 54518 54274 54278 54290 54294 54370 54374 54386 54390 54402 54406 54418 54422 54498 54502 54514 54518
86 2 54275 54326 54274 54275 54278 54279 54290 54291 54294 54295 54306 54307 54310 54311 54322 54323 54326 54327
86 2 54297 54356 54288 54289 54292 54293 54296 54297 54300 54301 54352 54353 54356 54357 54360 54361 54364 54365
86 2 54303 54693 54277 54279 54301 54303 54309 54311 54333 54335 54661 54663 54685 54687 54693 54695 54717 54719
86 2 54306 54427 54274 54275 54298 54299 54306 54307 54330 54331 54402 54403 54426 54427 54434 54435 54458 54459
86 2 54309 54576 54304 54305 54308 54309 54320 54321 54324 54325 54560 54561 54564 54565 54576 54577 54580 54581
86 2 54320 54666 54280 54282 54288 54290 54312 54314 54320 54322 54664 54666 54672 54674 54696 54698 54704 54706
86 2 54336 54403 54272 54273 54274 54275 54336 54337 54338 54339 54400 54401 54402 54403 54464 54465 54466 54467
86 2 54338 54613 54338 54339 54340 54341 54354 54355 54356 54357 54594 54595 54596 54597 54610 54611 54612 54613
86 2 54345 54576 54312 54313 54320 54321 54344 54345 54352 54353 54568 54569 54576 54577 54600 54601 54608 54609
86 2 54367 54524 54364 54365 54366 54367 54396 54397 54398 54399 54492 54493 54494 54495 54524 54525 54526 54527
86 2 54384 54655 54384 54385 54390 54391 54392 54393 54398 54399 54640 54641 54646 54647 54648 54649 54654 54655
86 2 54412 54770 54410 54412 54418 54420 54506 54508 54514 54516 54666 54668 54674 54676 54762 54764 54770 54772
86 2 54419 54719 54419 54423 54427 54431 54451 54455 54459 54463 54675 54679 54683 54687 54707 54711 54715 54719
86 2 54423 54474 54410 54411 54414 54415 54418 54419 54422 54423 54474 54475 54478 54479 54482 54483 54486 54487
86 2 54427 54444 54410 54411 54412 54413 54426 54427 54428 54429 54442 54443 54444 54445 54458 54459 54460 54461
86 2 54479 54616 54472 54473 54478 54479 54488 54489 54494 54495 54600 54601 54606 54607 54616 54617 54622 54623
86 2 54510 54692 54436 54438 54444 54446 54500 54502 54508 54510 54692 54694 54700 54702 54756 54758 54764 54766
86 2 54511 54710 54446 54447 54454 54455 54510 54511 54518 54519 54702 54703 54710 54711 54766 54767 54774 54775
86 2 54524 54600 54472 54476 54488 54492 54504 54508 54520 54524 54600 54604 54616 54620 54632 54636 54648 54652
86 2 54590 54764 54572 54574 54588 54590 54636 54638 54652 54654 54700 54702 54716 54718 54764 54766 54780 54782
86 2 54600 54769 54600 54601 54608 54609 54632 54633 54640 54641 54728 54729 54736 54737 54760 54761 54768 54769
72 3 45340 45823 45340 45341 45342 45343 45436 45437 45438 45439 45724 45725 45726 45727 45820 45821 45822 45823
72 3 45356 45776 45352 45356 45360 45364 45384 45388 45392 45396 45736 45740 45744 45748 45768 45772 45776 45780
72 3 45364 45568 45312 45316 45328 45332 45344 45348 45360 45364 45568 45572 45584 45588 45600 45604 45616 45620
72 3 45372 45561 45368 45369 45372 45373 45432 45433 45436 45437 45496 45497 45500 45501 45560 45561 45564 45565
72 3 45378 45726 45314 45318 45338 45342 45378 45382 45402 45406 45698 45702 45722 45726 45762 45766 45786 45790
72 3 45396 45730 45346 45348 45362 45364 45378 45380 45394 45396 45730 45732 45746 45748 45762 45764 45778 45780
72 3 45398 45698 45314 45318 45330 45334 45378 45382 45394 45398 45698 45702 45714 45718 45762 45766 45778 45782
72 3 45401 45756 45368 45369 45372 45373 45400 45401 45404 45405 45752 45753 45756 45757 45784 45785 45788 45789
72 3 45423 45523 45387 45391 45395 45399 45419 45423 45427 45431 45515 45519 45523 45527 45547 45551 45555 45559
72 3 45464 45857 45440 45441 45464 45465 45472 45473 45496 45497 45824 45825 45848 45849 45856 45857 45880 45881
72 3 45479 45713 45441 45447 45457 45463 45473 45479 45489 45495 45697 45703 45713 45719 45729 45735 45745 45751
72 3 45480 45914 45480 45482 45496 45498 45512 45514 45528 45530 45864 45866 45880 45882 45896 45898 45912 45914
72 3 45493 45682 45490 45491 45492 45493 45554 45555 45556 45557 45618 45619 45620 45621 45682 45683 45684 45685
72 3 45515 45746 45482 45483 45490 45491 45514 45515 45522 45523 45738 45739 45746 45747 45770 45771 45778 45779
72 3 45541 45938 45538 45539 45540 45541 45554 45555 45556 45557 45922 45923 45924 45925 45938 45939 45940 45941
72 3 45554 45848 45456 45458 45464 45466 45552 45554 45560 45562 45840 45842 45848 45850 45936 45938 45944 45946
72 3 45565 45664 45536 45537 45540 45541 45560 45561 45564 45565 45664 45665 45668 45669 45688 45689 45692 45693
72 3 45574 45649 45568 45569 45574 45575 45584 45585 45590 45591 45632 45633 45638 45639 45648 45649 45654 45655
72 3 45578 45918 45578 45582 45594 45598 45642 45646 45658 45662 45834 45838 45850 45854 45898 45902 45914 45918
72 3 45583 45804 45580 45581 45582 45583 45676 45677 45678 45679 45708 45709 45710 45711 45804 45805 45806 45807
72 3 45594 45932 45578 45580 45594 45596 45674 45676 45690 45692 45834 45836 45850 45852 45930 45932 45946 45948
72 3 45612 45766 45604 45606 45612 45614 45636 45638 45644 45646 45732 45734 45740 45742 45764 45766 45772 45774
72 3 45629 45862 45604 45605 45606 45607 45628 45629 45630 45631 45860 45861 45862 45863 45884 45885 45886 45887
72 3 45641 45723 45577 45579 45593 45595 45641 45643 45657 45659 45705 45707 45721 45723 45769 45771 45785 45787
72 3 45655 45758 45622 45623 45630 45631 45654 45655 45662 45663 45750 45751 45758 45759 45782 45783 45790 45791
72 3 45667 45942 45666 45667 45670 45671 45682 45683 45686 45687 45922 45923 45926 45927 45938 45939 45942 45943
72 3 45720 45885 45720 45721 45724 45725 45752 45753 45756 45757 45848 45849 45852 45853 45880 45881 45884 45885
72 3 45749 45798 45732 45733 45734 45735 45748 45749 45750 45751 45796 45797 45798 45799 45812 45813 45814 45815
72 3 45782 45832 45704 45710 45712 45718 45768 45774 45776 45782 45832 45838 45840 45846 45896 45902 45904 45910
72 3 45788 45851 45722 45723 45724 45725 45786 45787 45788 45789 45850 45851 45852 45853 45914 45915 45916 45917
72 3 45800 45914 45768 45770 45784 45786 45800 45802 45816 45818 45896 45898 45912 45914 45928 45930 45944 45946
78 3 49178 49622 49170 49174 49178 49182 49234 49238 49242 49246 49554 49558 49562 49566 49618 49622 49626 49630
78 3 49187 49407 49187 49191 49211 49215 49251 49255 49275 49279 49315 49319 49339 49343 49379 49383 49403 49407
78 3 49189 49292 49156 49157 49164 49165 49188 49189 49196 49197 49284 49285 49292 49293 49316 49317 49324 49325
78 3 49199 49433 49161 49167 49177 49183 49193 49199 49209 49215 49417 49423 49433 49439 49449 49455 49465 49471
78 3 49220 49512 49216 49220 49224 49228 49248 49252 49256 49260 49472 49476 49480 49484 49504 49508 49512 49516
78 3 49221 49679 49157 49159 49165 49167 49221 49223 49229 49231 49669 49671 49677 49679 49733 49735 49741 49743
78 3 49227 49554 49162 49163 49170 49171 49226 49227 49234 49235 49546 49547 49554 49555 49610 49611 49618 49619
78 3 49232 49465 49200 49201 49208 49209 49232 49233 49240 49241 49456 49457 49464 49465 49488 49489 49496 49497
78 3 49233 49358 49224 49225 49230 49231 49232 49233 49238 49239 49352 49353 49358 49359 49360 49361 49366 49367
78 3 49235 49639 49219 49223 49235 49239 49251 49255 49267 49271 49603 49607 49619 49623 49635 49639 49651 49655
78 3 49239 49509 49221 49223 49237 49239 49253 49255 49269 49271 49477 49479 49493 49495 49509 49511 49525 49527
78 3 49240 49682 49168 49170 49176 49178 49232 49234 49240 49242 49680 49682 49688 49690 49744 49746 49752 49754
78 3 49253 49708 49188 49189 49196 49197 49252 49253 49260 49261 49700 49701 49708 49709 49764 49765 49772 49773
78 3 49254 49336 49184 49190 49208 49214 49248 49254 49272 49278 49312 49318 49336 49342 49376 49382 49400 49406
78 3 49272 49481 49224 49225 49240 49241 49256 49257 49272 49273 49480 49481 49496 49497 49512 49513 49528 49529
78 3 49291 49719 49291 49295 49299 49303 49323 49327 49331 49335 49675 49679 49683 49687 49707 49711 49715 49719
78 3 49320 49521 49320 49321 49328 49329 49384 49385 49392 49393 49448 49449 49456 49457 49512 49513 49520 49521
78 3 49365 49455 49325 49327 49333 49335 49357 49359 49365 49367 49453 49455 49461 49463 49485 49487 49493 49495
78 3 49371 49461 49331 49333 49339 49341 49363 49365 49371 49373 49459 49461 49467 49469 49491 49493 49499 49501
78 3 49389 49596 49324 49325 49340 49341 49388 49389 49404 49405 49580 49581 49596 49597 49644 49645 49660 49661
78 3 49411 49650 49410 49411 49426 49427 49506 49507 49522 49523 49538 49539 49554 49555 49634 49635 49650 49651
78 3 49426 49723 49426 49427 49434 49435 49458 49459 49466 49467 49682 49683 49690 49691 49714 49715 49722 49723
78 3 49430 49580 49420 49422 49428 49430 49452 49454 49460 49462 49548 49550 49556 49558 49580 49582 49588 49590
78 3 49461 49778 49458 49459 49460 49461 49522 49523 49524 49525 49714 49715 49716 49717 49778 49779 49780 49781
78 3 49493 49580 49452 49453 49460 49461 49484 49485 49492 49493 49580 49581 49588 49589 49612 49613 49620 49621
78 3 49495 49573 49445 49447 49461 49463 49477 49479 49493 49495 49573 49575 49589 49591 49605 49607 49621 49623
78 3 49511 49555 49411 49415 49427 49431 49507 49511 49523 49527 49539 49543 49555 49559 49635 49639 49651 49655
78 3 49515 49625 49481 49483 49497 49499 49513 49515 49529 49531 49609 49611 49625 49627 49641 49643 49657 49659
78 3 49586 49731 49570 49571 49586 49587 49602 49603 49618 49619 49698 49699 49714 49715 49730 49731 49746 49747
78 3 49602 49715 49570 49571 49586 49587 49602 49603 49618 49619 49698 49699 49714 49715 49730 49731 49746 49747
78 3 49657 49696 49568 49569 49592 49593 49632 49633 49656 49657 49696 49697 49720 49721 49760 49761 49784 49785
78 3 49674 49725 49674 49675 49676 49677 49690 49691 49692 49693 49706 49707 49708 49709 49722 49723 49724 49725
78 3 49677 49744 49672 49673 49676 49677 49680 49681 49684 49685 49736 49737 49740 49741 49744 49745 49748 49749
86 3 54150 54620 54148 54150 54172 54174 54212 54214 54236 54238 54532 54534 54556 54558 54596 54598 54620 54622
86 3 54163 54503 54147 54151 54163 54167 54243 54247 54259 54263 54403 54407 54419 54423 54499 54503 54515 54519
86 3 54167 54212 54148 54149 54150 54151 54164 54165 54166 54167 54212 54213 54214 54215 54228 54229 54230 54231
86 3 54170 54257 54160 54161 54162 54163 54168 54169 54170 54171 54256 54257 54258 54259 54264 54265 54266 54267
86 3 54216 54713 54184 54185 54200 54201 54216 54217 54232 54233 54696 54697 54712 54713 54728 54729 54744 54745
86 3 54225 54620 54224 54225 54228 54229 54232 54233 54236 54237 54608 54609 54612 54613 54616 54617 54620 54621
86 3 54225 54659 54145 54147 54161 54163 54209 54211 54225 54227 54657 54659 54673 54675 54721 54723 54737 54739
86 3 54230 54771 54226 54227 54230 54231 54258 54259 54262 54263 54738 54739 54742 54743 54770 54771 54774 54775
86 3 54237 54338 54210 54211 54212 54213 54234 54235 54236 54237 54338 54339 54340 54341 54362 54363 54364 54365
86 3 54241 54739 54209 54211 54225 54227 54241 54243 54257 54259 54721 54723 54737 54739 54753 54755 54769 54771
86 3 54261 54607 54221 54223 54229 54231 54253 54255 54261 54263 54605 54607 54613 54615 54637 54639 54645 54647
86 3 54274 54518 54274 54278 54290 54294 54370 54374 54386 54390 54402 54406 54418 54422 54498 54502 54514 54518
86 3 54275 54326 54274 54275 54278 54279 54290 54291 54294 54295 54306 54307 54310 54311 54322 54323 54326 54327
86 3 54297 54356 54288 54289 54292 54293 54296 54297 54300 54301 54352 54353 54356 54357 54360 54361 54364 54365
86 3 54303 54693 54277 54279 54301 54303 54309 54311 54333 54335 54661 54663 54685 54687 54693 54695 54717 54719
86 3 54306 54427 54274 54275 54298 54299 54306 54307 54330 54331 54402 54403 54426 54427 54434 54435 54458 54459
86 3 54309 54576 54304 54305 54308 54309 54320 54321 54324 54325 54560 54561 54564 54565 54576 54577 54580 54581
86 3 54320 54666 54280 54282 54288 54290 54312 54314 54320 54322 54664 54666 54672 54674 54696 54698 54704 54706
86 3 54336 54403 54272 54273 54274 54275 54336 54337 54338 54339 54400 54401 54402 54403 54464 54465 54466 54467
86 3 54338 54613 54338 54339 54340 54341 54354 54355 54356 54357 54594 54595 54596 54597 54610 54611 54612 54613
86 3 54345 54576 54312 54313 54320 54321 54344 54345 54352 54353 54568 54569 54576 54577 54600 54601 54608 54609
86 3 54367 54524 54364 54365 54366 54367 54396 54397 54398 54399 54492 54493 54494 54495 54524 54525 54526 54527
86 3 54384 54655 54384 54385 54390 54391 54392 54393 54398 54399 54640 54641 54646 54647 54648 54649 54654 54655
86 3 54412 54770 54410 54412 54418 54420 54506 54508 54514 54516 54666 54668 54674 54676 54762 54764 54770 54772
86 3 54419 54719 54419 54423 54427 54431 54451 54455 54459 54463 54675 54679 54683 54687 54707 54711 54715 54719
86 3 54423 54474 54410 54411 54414 54415 54418 54419 54422 54423 54474 54475 54478 54479 54482 54483 54486 54487
86 3 54427 54444 54410 54411 54412 54413 54426 54427 54428 54429 54442 54443 54444 54445 54458 54459 54460 54461
86 3 54479 54616 54472 54473 54478 54479 54488 54489 54494 54495 54600 54601 54606 54607 54616 54617 54622 54623
86 3 54510 54692 54436 54438 54444 54446 54500 54502 54508 54510 54692 54694 54700 54702 54756 54758 54764 54766
86 3 54511 54710 54446 54447 54454 54455 54510 54511 54518 54519 54702 54703 54710 54711 54766 54767 54774 54775
86 3 54524 54600 54472 54476 54488 54492 54504 54508 54520 54524 54600 54604 54616 54620 54632 54636 54648 54652
86 3 54590 54764 54572 54574 54588 54590 54636 54638 54652 54654 54700 54702 54716 54718 54764 54766 54780 54782
86 3 54591 54765 54573 54575 54589 54591 54637 54639 54653 54655 54701 54703 54717 54719 54765 54767 54781 54783
86 3 54600 54769 54600 54601 54608 54609 54632 54633 54640 54641 54728 54729 54736 54737 54760 54761 54768 54769
