# BitNet PIM calibration: MAJ3-perfect tuples on DIMM 0.
# Joined from samples_16.txt and maj_coverage_16_50.csv (majX==3,
# t_12==0, t_23==0, full_stable_cells==100, full_coverage_cells==100).
# Format: s_id bank Rfirst Rsecond open_row_0 ... open_row_15
# 312 tuples generated 2026-05-04.
61 0 38424 38988 38408 38412 38424 38428 38472 38476 38488 38492 38920 38924 38936 38940 38984 38988 39000 39004
61 0 38446 38501 38436 38437 38438 38439 38444 38445 38446 38447 38500 38501 38502 38503 38508 38509 38510 38511
61 0 38454 38604 38444 38446 38452 38454 38476 38478 38484 38486 38572 38574 38580 38582 38604 38606 38612 38614
61 0 38464 38762 38464 38466 38472 38474 38496 38498 38504 38506 38720 38722 38728 38730 38752 38754 38760 38762
61 0 38468 38926 38404 38406 38412 38414 38468 38470 38476 38478 38916 38918 38924 38926 38980 38982 38988 38990
61 0 38477 38943 38413 38415 38429 38431 38477 38479 38493 38495 38925 38927 38941 38943 38989 38991 39005 39007
61 0 38483 38553 38417 38419 38425 38427 38481 38483 38489 38491 38545 38547 38553 38555 38609 38611 38617 38619
61 0 38505 39000 38472 38473 38488 38489 38504 38505 38520 38521 38984 38985 39000 39001 39016 39017 39032 39033
61 0 38515 38618 38482 38483 38490 38491 38514 38515 38522 38523 38610 38611 38618 38619 38642 38643 38650 38651
61 0 38521 38923 38409 38411 38425 38427 38505 38507 38521 38523 38921 38923 38937 38939 39017 39019 39033 39035
61 0 38523 38791 38403 38407 38427 38431 38499 38503 38523 38527 38787 38791 38811 38815 38883 38887 38907 38911
61 0 38549 38704 38544 38545 38548 38549 38576 38577 38580 38581 38672 38673 38676 38677 38704 38705 38708 38709
61 0 38567 39008 38560 38561 38566 38567 38624 38625 38630 38631 38944 38945 38950 38951 39008 39009 39014 39015
61 0 38567 38970 38562 38563 38566 38567 38586 38587 38590 38591 38946 38947 38950 38951 38970 38971 38974 38975
61 0 38568 38837 38568 38569 38572 38573 38576 38577 38580 38581 38824 38825 38828 38829 38832 38833 38836 38837
61 0 38611 39039 38611 38615 38619 38623 38643 38647 38651 38655 38995 38999 39003 39007 39027 39031 39035 39039
61 0 38643 38751 38611 38615 38619 38623 38643 38647 38651 38655 38739 38743 38747 38751 38771 38775 38779 38783
61 0 38684 38915 38658 38659 38660 38661 38682 38683 38684 38685 38914 38915 38916 38917 38938 38939 38940 38941
61 0 38721 38963 38689 38691 38705 38707 38721 38723 38737 38739 38945 38947 38961 38963 38977 38979 38993 38995
61 0 38722 38789 38658 38659 38660 38661 38722 38723 38724 38725 38786 38787 38788 38789 38850 38851 38852 38853
61 0 38732 38822 38692 38694 38700 38702 38724 38726 38732 38734 38820 38822 38828 38830 38852 38854 38860 38862
61 0 38739 38909 38739 38741 38747 38749 38771 38773 38779 38781 38867 38869 38875 38877 38899 38901 38907 38909
61 0 38758 38866 38722 38726 38738 38742 38754 38758 38770 38774 38850 38854 38866 38870 38882 38886 38898 38902
61 0 38806 39015 38790 38791 38806 38807 38886 38887 38902 38903 38918 38919 38934 38935 39014 39015 39030 39031
61 0 38854 38922 38786 38790 38794 38798 38850 38854 38858 38862 38914 38918 38922 38926 38978 38982 38986 38990
61 0 38882 38932 38786 38788 38802 38804 38882 38884 38898 38900 38914 38916 38930 38932 39010 39012 39026 39028
77 0 48532 48903 48516 48517 48518 48519 48532 48533 48534 48535 48900 48901 48902 48903 48916 48917 48918 48919
77 0 48537 48976 48528 48529 48536 48537 48592 48593 48600 48601 48912 48913 48920 48921 48976 48977 48984 48985
77 0 48542 48687 48526 48527 48542 48543 48558 48559 48574 48575 48654 48655 48670 48671 48686 48687 48702 48703
77 0 48557 48878 48556 48557 48558 48559 48620 48621 48622 48623 48812 48813 48814 48815 48876 48877 48878 48879
77 0 48571 48734 48570 48571 48574 48575 48602 48603 48606 48607 48698 48699 48702 48703 48730 48731 48734 48735
77 0 48578 48939 48546 48547 48554 48555 48578 48579 48586 48587 48930 48931 48938 48939 48962 48963 48970 48971
77 0 48626 48936 48552 48554 48560 48562 48616 48618 48624 48626 48936 48938 48944 48946 49000 49002 49008 49010
77 0 48641 48766 48640 48641 48646 48647 48664 48665 48670 48671 48736 48737 48742 48743 48760 48761 48766 48767
77 0 48656 48909 48648 48649 48652 48653 48656 48657 48660 48661 48904 48905 48908 48909 48912 48913 48916 48917
77 0 48656 48838 48640 48646 48656 48662 48704 48710 48720 48726 48768 48774 48784 48790 48832 48838 48848 48854
77 0 48690 48795 48658 48659 48666 48667 48690 48691 48698 48699 48786 48787 48794 48795 48818 48819 48826 48827
77 0 48699 49026 48642 48643 48666 48667 48674 48675 48698 48699 49026 49027 49050 49051 49058 49059 49082 49083
77 0 48708 48969 48704 48705 48708 48709 48712 48713 48716 48717 48960 48961 48964 48965 48968 48969 48972 48973
77 0 48710 48892 48708 48710 48732 48734 48740 48742 48764 48766 48836 48838 48860 48862 48868 48870 48892 48894
77 0 48720 49001 48712 48713 48720 48721 48744 48745 48752 48753 48968 48969 48976 48977 49000 49001 49008 49009
77 0 48735 49045 48661 48663 48669 48671 48725 48727 48733 48735 49045 49047 49053 49055 49109 49111 49117 49119
77 0 48746 48822 48682 48686 48690 48694 48746 48750 48754 48758 48810 48814 48818 48822 48874 48878 48882 48886
77 0 48758 48904 48648 48654 48656 48662 48744 48750 48752 48758 48904 48910 48912 48918 49000 49006 49008 49014
77 0 48765 49076 48692 48693 48700 48701 48756 48757 48764 48765 49076 49077 49084 49085 49140 49141 49148 49149
77 0 48830 48885 48820 48821 48822 48823 48828 48829 48830 48831 48884 48885 48886 48887 48892 48893 48894 48895
77 0 48844 48977 48840 48841 48844 48845 48848 48849 48852 48853 48968 48969 48972 48973 48976 48977 48980 48981
77 0 48868 49066 48802 48804 48810 48812 48866 48868 48874 48876 49058 49060 49066 49068 49122 49124 49130 49132
77 0 48870 49087 48806 48807 48830 48831 48870 48871 48894 48895 49062 49063 49086 49087 49126 49127 49150 49151
77 0 48876 48960 48832 48836 48840 48844 48864 48868 48872 48876 48960 48964 48968 48972 48992 48996 49000 49004
77 0 48881 49027 48769 48771 48785 48787 48865 48867 48881 48883 49025 49027 49041 49043 49121 49123 49137 49139
77 0 48928 49075 48928 48929 48930 48931 48944 48945 48946 48947 49056 49057 49058 49059 49072 49073 49074 49075
77 0 48948 49047 48916 48917 48918 48919 48948 48949 48950 48951 49044 49045 49046 49047 49076 49077 49078 49079
77 0 49026 49077 49026 49027 49028 49029 49042 49043 49044 49045 49058 49059 49060 49061 49074 49075 49076 49077
93 0 58683 58732 58666 58667 58668 58669 58682 58683 58684 58685 58730 58731 58732 58733 58746 58747 58748 58749
93 0 58688 58857 58688 58689 58696 58697 58720 58721 58728 58729 58816 58817 58824 58825 58848 58849 58856 58857
93 0 58710 58993 58704 58705 58710 58711 58736 58737 58742 58743 58960 58961 58966 58967 58992 58993 58998 58999
93 0 58712 58798 58664 58670 58680 58686 58696 58702 58712 58718 58792 58798 58808 58814 58824 58830 58840 58846
93 0 58717 59049 58665 58669 58681 58685 58697 58701 58713 58717 59049 59053 59065 59069 59081 59085 59097 59101
93 0 58720 59245 58720 58721 58724 58725 58728 58729 58732 58733 59232 59233 59236 59237 59240 59241 59244 59245
93 0 58726 58908 58628 58630 58652 58654 58724 58726 58748 58750 58884 58886 58908 58910 58980 58982 59004 59006
93 0 58741 58768 58640 58641 58644 58645 58736 58737 58740 58741 58768 58769 58772 58773 58864 58865 58868 58869
93 0 58743 58777 58641 58647 58649 58655 58737 58743 58745 58751 58769 58775 58777 58783 58865 58871 58873 58879
93 0 58747 59185 58673 58675 58681 58683 58737 58739 58745 58747 59185 59187 59193 59195 59249 59251 59257 59259
93 0 58749 59203 58691 58693 58715 58717 58723 58725 58747 58749 59203 59205 59227 59229 59235 59237 59259 59261
93 0 58762 58817 58752 58753 58754 58755 58760 58761 58762 58763 58816 58817 58818 58819 58824 58825 58826 58827
93 0 58860 59064 58792 58796 58808 58812 58856 58860 58872 58876 59048 59052 59064 59068 59112 59116 59128 59132
93 0 58866 59223 58834 58835 58838 58839 58866 58867 58870 58871 59218 59219 59222 59223 59250 59251 59254 59255
93 0 58871 59045 58789 58791 58805 58807 58853 58855 58869 58871 59045 59047 59061 59063 59109 59111 59125 59127
93 0 58883 59166 58882 58883 58886 58887 58906 58907 58910 58911 59138 59139 59142 59143 59162 59163 59166 59167
93 0 58924 58979 58914 58915 58916 58917 58922 58923 58924 58925 58978 58979 58980 58981 58986 58987 58988 58989
93 0 58969 59024 58896 58897 58904 58905 58960 58961 58968 58969 59024 59025 59032 59033 59088 59089 59096 59097
93 0 58989 59097 58953 58957 58969 58973 58985 58989 59001 59005 59081 59085 59097 59101 59113 59117 59129 59133
93 0 59039 59138 59010 59011 59014 59015 59034 59035 59038 59039 59138 59139 59142 59143 59162 59163 59166 59167
93 0 59068 59075 59042 59043 59044 59045 59066 59067 59068 59069 59074 59075 59076 59077 59098 59099 59100 59101
61 1 38446 38501 38436 38437 38438 38439 38444 38445 38446 38447 38500 38501 38502 38503 38508 38509 38510 38511
61 1 38454 38604 38444 38446 38452 38454 38476 38478 38484 38486 38572 38574 38580 38582 38604 38606 38612 38614
61 1 38464 38762 38464 38466 38472 38474 38496 38498 38504 38506 38720 38722 38728 38730 38752 38754 38760 38762
61 1 38477 38943 38413 38415 38429 38431 38477 38479 38493 38495 38925 38927 38941 38943 38989 38991 39005 39007
61 1 38493 38807 38421 38423 38429 38431 38485 38487 38493 38495 38805 38807 38813 38815 38869 38871 38877 38879
61 1 38505 39000 38472 38473 38488 38489 38504 38505 38520 38521 38984 38985 39000 39001 39016 39017 39032 39033
61 1 38515 38618 38482 38483 38490 38491 38514 38515 38522 38523 38610 38611 38618 38619 38642 38643 38650 38651
61 1 38523 38791 38403 38407 38427 38431 38499 38503 38523 38527 38787 38791 38811 38815 38883 38887 38907 38911
61 1 38549 38704 38544 38545 38548 38549 38576 38577 38580 38581 38672 38673 38676 38677 38704 38705 38708 38709
61 1 38567 39008 38560 38561 38566 38567 38624 38625 38630 38631 38944 38945 38950 38951 39008 39009 39014 39015
61 1 38567 38970 38562 38563 38566 38567 38586 38587 38590 38591 38946 38947 38950 38951 38970 38971 38974 38975
61 1 38568 38837 38568 38569 38572 38573 38576 38577 38580 38581 38824 38825 38828 38829 38832 38833 38836 38837
61 1 38643 38751 38611 38615 38619 38623 38643 38647 38651 38655 38739 38743 38747 38751 38771 38775 38779 38783
61 1 38684 38915 38658 38659 38660 38661 38682 38683 38684 38685 38914 38915 38916 38917 38938 38939 38940 38941
61 1 38721 38963 38689 38691 38705 38707 38721 38723 38737 38739 38945 38947 38961 38963 38977 38979 38993 38995
61 1 38722 38789 38658 38659 38660 38661 38722 38723 38724 38725 38786 38787 38788 38789 38850 38851 38852 38853
61 1 38732 38822 38692 38694 38700 38702 38724 38726 38732 38734 38820 38822 38828 38830 38852 38854 38860 38862
61 1 38758 38866 38722 38726 38738 38742 38754 38758 38770 38774 38850 38854 38866 38870 38882 38886 38898 38902
61 1 38806 39015 38790 38791 38806 38807 38886 38887 38902 38903 38918 38919 38934 38935 39014 39015 39030 39031
61 1 38854 38922 38786 38790 38794 38798 38850 38854 38858 38862 38914 38918 38922 38926 38978 38982 38986 38990
77 1 48528 48934 48512 48518 48528 48534 48544 48550 48560 48566 48896 48902 48912 48918 48928 48934 48944 48950
77 1 48532 48903 48516 48517 48518 48519 48532 48533 48534 48535 48900 48901 48902 48903 48916 48917 48918 48919
77 1 48537 48976 48528 48529 48536 48537 48592 48593 48600 48601 48912 48913 48920 48921 48976 48977 48984 48985
77 1 48542 48687 48526 48527 48542 48543 48558 48559 48574 48575 48654 48655 48670 48671 48686 48687 48702 48703
77 1 48557 48878 48556 48557 48558 48559 48620 48621 48622 48623 48812 48813 48814 48815 48876 48877 48878 48879
77 1 48571 48734 48570 48571 48574 48575 48602 48603 48606 48607 48698 48699 48702 48703 48730 48731 48734 48735
77 1 48578 48939 48546 48547 48554 48555 48578 48579 48586 48587 48930 48931 48938 48939 48962 48963 48970 48971
77 1 48626 48936 48552 48554 48560 48562 48616 48618 48624 48626 48936 48938 48944 48946 49000 49002 49008 49010
77 1 48641 48766 48640 48641 48646 48647 48664 48665 48670 48671 48736 48737 48742 48743 48760 48761 48766 48767
77 1 48656 48909 48648 48649 48652 48653 48656 48657 48660 48661 48904 48905 48908 48909 48912 48913 48916 48917
77 1 48656 48838 48640 48646 48656 48662 48704 48710 48720 48726 48768 48774 48784 48790 48832 48838 48848 48854
77 1 48690 48795 48658 48659 48666 48667 48690 48691 48698 48699 48786 48787 48794 48795 48818 48819 48826 48827
77 1 48699 49026 48642 48643 48666 48667 48674 48675 48698 48699 49026 49027 49050 49051 49058 49059 49082 49083
77 1 48708 48969 48704 48705 48708 48709 48712 48713 48716 48717 48960 48961 48964 48965 48968 48969 48972 48973
77 1 48710 48892 48708 48710 48732 48734 48740 48742 48764 48766 48836 48838 48860 48862 48868 48870 48892 48894
77 1 48720 49001 48712 48713 48720 48721 48744 48745 48752 48753 48968 48969 48976 48977 49000 49001 49008 49009
77 1 48735 49045 48661 48663 48669 48671 48725 48727 48733 48735 49045 49047 49053 49055 49109 49111 49117 49119
77 1 48746 48822 48682 48686 48690 48694 48746 48750 48754 48758 48810 48814 48818 48822 48874 48878 48882 48886
77 1 48758 48904 48648 48654 48656 48662 48744 48750 48752 48758 48904 48910 48912 48918 49000 49006 49008 49014
77 1 48830 48885 48820 48821 48822 48823 48828 48829 48830 48831 48884 48885 48886 48887 48892 48893 48894 48895
77 1 48844 48977 48840 48841 48844 48845 48848 48849 48852 48853 48968 48969 48972 48973 48976 48977 48980 48981
77 1 48868 49066 48802 48804 48810 48812 48866 48868 48874 48876 49058 49060 49066 49068 49122 49124 49130 49132
77 1 48876 48960 48832 48836 48840 48844 48864 48868 48872 48876 48960 48964 48968 48972 48992 48996 49000 49004
77 1 48881 49027 48769 48771 48785 48787 48865 48867 48881 48883 49025 49027 49041 49043 49121 49123 49137 49139
77 1 48928 49075 48928 48929 48930 48931 48944 48945 48946 48947 49056 49057 49058 49059 49072 49073 49074 49075
77 1 48948 49047 48916 48917 48918 48919 48948 48949 48950 48951 49044 49045 49046 49047 49076 49077 49078 49079
77 1 49026 49077 49026 49027 49028 49029 49042 49043 49044 49045 49058 49059 49060 49061 49074 49075 49076 49077
93 1 58626 58733 58626 58627 58628 58629 58634 58635 58636 58637 58722 58723 58724 58725 58730 58731 58732 58733
93 1 58631 58786 58626 58627 58630 58631 58658 58659 58662 58663 58754 58755 58758 58759 58786 58787 58790 58791
93 1 58678 58754 58626 58630 58642 58646 58658 58662 58674 58678 58754 58758 58770 58774 58786 58790 58802 58806
93 1 58683 58732 58666 58667 58668 58669 58682 58683 58684 58685 58730 58731 58732 58733 58746 58747 58748 58749
93 1 58688 58857 58688 58689 58696 58697 58720 58721 58728 58729 58816 58817 58824 58825 58848 58849 58856 58857
93 1 58707 58919 58659 58663 58675 58679 58691 58695 58707 58711 58915 58919 58931 58935 58947 58951 58963 58967
93 1 58709 59183 58669 58671 58677 58679 58701 58703 58709 58711 59181 59183 59189 59191 59213 59215 59221 59223
93 1 58710 58993 58704 58705 58710 58711 58736 58737 58742 58743 58960 58961 58966 58967 58992 58993 58998 58999
93 1 58712 58798 58664 58670 58680 58686 58696 58702 58712 58718 58792 58798 58808 58814 58824 58830 58840 58846
93 1 58717 59049 58665 58669 58681 58685 58697 58701 58713 58717 59049 59053 59065 59069 59081 59085 59097 59101
93 1 58720 59245 58720 58721 58724 58725 58728 58729 58732 58733 59232 59233 59236 59237 59240 59241 59244 59245
93 1 58726 58908 58628 58630 58652 58654 58724 58726 58748 58750 58884 58886 58908 58910 58980 58982 59004 59006
93 1 58741 58768 58640 58641 58644 58645 58736 58737 58740 58741 58768 58769 58772 58773 58864 58865 58868 58869
93 1 58747 59185 58673 58675 58681 58683 58737 58739 58745 58747 59185 59187 59193 59195 59249 59251 59257 59259
93 1 58749 59203 58691 58693 58715 58717 58723 58725 58747 58749 59203 59205 59227 59229 59235 59237 59259 59261
93 1 58762 58817 58752 58753 58754 58755 58760 58761 58762 58763 58816 58817 58818 58819 58824 58825 58826 58827
93 1 58860 59064 58792 58796 58808 58812 58856 58860 58872 58876 59048 59052 59064 59068 59112 59116 59128 59132
93 1 58866 59223 58834 58835 58838 58839 58866 58867 58870 58871 59218 59219 59222 59223 59250 59251 59254 59255
93 1 58871 59045 58789 58791 58805 58807 58853 58855 58869 58871 59045 59047 59061 59063 59109 59111 59125 59127
93 1 58883 59166 58882 58883 58886 58887 58906 58907 58910 58911 59138 59139 59142 59143 59162 59163 59166 59167
93 1 58924 58979 58914 58915 58916 58917 58922 58923 58924 58925 58978 58979 58980 58981 58986 58987 58988 58989
93 1 58969 59024 58896 58897 58904 58905 58960 58961 58968 58969 59024 59025 59032 59033 59088 59089 59096 59097
93 1 58989 59097 58953 58957 58969 58973 58985 58989 59001 59005 59081 59085 59097 59101 59113 59117 59129 59133
93 1 59003 59240 58984 58985 58986 58987 59000 59001 59002 59003 59240 59241 59242 59243 59256 59257 59258 59259
93 1 59039 59138 59010 59011 59014 59015 59034 59035 59038 59039 59138 59139 59142 59143 59162 59163 59166 59167
93 1 59068 59075 59042 59043 59044 59045 59066 59067 59068 59069 59074 59075 59076 59077 59098 59099 59100 59101
61 2 38424 38988 38408 38412 38424 38428 38472 38476 38488 38492 38920 38924 38936 38940 38984 38988 39000 39004
61 2 38446 38501 38436 38437 38438 38439 38444 38445 38446 38447 38500 38501 38502 38503 38508 38509 38510 38511
61 2 38454 38604 38444 38446 38452 38454 38476 38478 38484 38486 38572 38574 38580 38582 38604 38606 38612 38614
61 2 38464 38762 38464 38466 38472 38474 38496 38498 38504 38506 38720 38722 38728 38730 38752 38754 38760 38762
61 2 38468 38926 38404 38406 38412 38414 38468 38470 38476 38478 38916 38918 38924 38926 38980 38982 38988 38990
61 2 38477 38943 38413 38415 38429 38431 38477 38479 38493 38495 38925 38927 38941 38943 38989 38991 39005 39007
61 2 38483 38553 38417 38419 38425 38427 38481 38483 38489 38491 38545 38547 38553 38555 38609 38611 38617 38619
61 2 38493 38807 38421 38423 38429 38431 38485 38487 38493 38495 38805 38807 38813 38815 38869 38871 38877 38879
61 2 38505 39000 38472 38473 38488 38489 38504 38505 38520 38521 38984 38985 39000 39001 39016 39017 39032 39033
61 2 38515 38618 38482 38483 38490 38491 38514 38515 38522 38523 38610 38611 38618 38619 38642 38643 38650 38651
61 2 38521 38923 38409 38411 38425 38427 38505 38507 38521 38523 38921 38923 38937 38939 39017 39019 39033 39035
61 2 38523 38791 38403 38407 38427 38431 38499 38503 38523 38527 38787 38791 38811 38815 38883 38887 38907 38911
61 2 38549 38704 38544 38545 38548 38549 38576 38577 38580 38581 38672 38673 38676 38677 38704 38705 38708 38709
61 2 38567 39008 38560 38561 38566 38567 38624 38625 38630 38631 38944 38945 38950 38951 39008 39009 39014 39015
61 2 38567 38970 38562 38563 38566 38567 38586 38587 38590 38591 38946 38947 38950 38951 38970 38971 38974 38975
61 2 38568 38837 38568 38569 38572 38573 38576 38577 38580 38581 38824 38825 38828 38829 38832 38833 38836 38837
61 2 38611 39039 38611 38615 38619 38623 38643 38647 38651 38655 38995 38999 39003 39007 39027 39031 39035 39039
61 2 38643 38751 38611 38615 38619 38623 38643 38647 38651 38655 38739 38743 38747 38751 38771 38775 38779 38783
61 2 38684 38915 38658 38659 38660 38661 38682 38683 38684 38685 38914 38915 38916 38917 38938 38939 38940 38941
61 2 38721 38963 38689 38691 38705 38707 38721 38723 38737 38739 38945 38947 38961 38963 38977 38979 38993 38995
61 2 38722 38789 38658 38659 38660 38661 38722 38723 38724 38725 38786 38787 38788 38789 38850 38851 38852 38853
61 2 38732 38822 38692 38694 38700 38702 38724 38726 38732 38734 38820 38822 38828 38830 38852 38854 38860 38862
61 2 38739 38909 38739 38741 38747 38749 38771 38773 38779 38781 38867 38869 38875 38877 38899 38901 38907 38909
61 2 38758 38866 38722 38726 38738 38742 38754 38758 38770 38774 38850 38854 38866 38870 38882 38886 38898 38902
61 2 38806 39015 38790 38791 38806 38807 38886 38887 38902 38903 38918 38919 38934 38935 39014 39015 39030 39031
61 2 38854 38922 38786 38790 38794 38798 38850 38854 38858 38862 38914 38918 38922 38926 38978 38982 38986 38990
61 2 38882 38932 38786 38788 38802 38804 38882 38884 38898 38900 38914 38916 38930 38932 39010 39012 39026 39028
77 2 48528 48934 48512 48518 48528 48534 48544 48550 48560 48566 48896 48902 48912 48918 48928 48934 48944 48950
77 2 48532 48903 48516 48517 48518 48519 48532 48533 48534 48535 48900 48901 48902 48903 48916 48917 48918 48919
77 2 48537 48976 48528 48529 48536 48537 48592 48593 48600 48601 48912 48913 48920 48921 48976 48977 48984 48985
77 2 48539 49090 48514 48515 48538 48539 48578 48579 48602 48603 49026 49027 49050 49051 49090 49091 49114 49115
77 2 48539 48984 48536 48537 48538 48539 48600 48601 48602 48603 48920 48921 48922 48923 48984 48985 48986 48987
77 2 48542 48687 48526 48527 48542 48543 48558 48559 48574 48575 48654 48655 48670 48671 48686 48687 48702 48703
77 2 48557 48878 48556 48557 48558 48559 48620 48621 48622 48623 48812 48813 48814 48815 48876 48877 48878 48879
77 2 48571 48734 48570 48571 48574 48575 48602 48603 48606 48607 48698 48699 48702 48703 48730 48731 48734 48735
77 2 48578 48939 48546 48547 48554 48555 48578 48579 48586 48587 48930 48931 48938 48939 48962 48963 48970 48971
77 2 48626 48936 48552 48554 48560 48562 48616 48618 48624 48626 48936 48938 48944 48946 49000 49002 49008 49010
77 2 48641 48766 48640 48641 48646 48647 48664 48665 48670 48671 48736 48737 48742 48743 48760 48761 48766 48767
77 2 48656 48909 48648 48649 48652 48653 48656 48657 48660 48661 48904 48905 48908 48909 48912 48913 48916 48917
77 2 48656 48838 48640 48646 48656 48662 48704 48710 48720 48726 48768 48774 48784 48790 48832 48838 48848 48854
77 2 48690 48795 48658 48659 48666 48667 48690 48691 48698 48699 48786 48787 48794 48795 48818 48819 48826 48827
77 2 48699 49026 48642 48643 48666 48667 48674 48675 48698 48699 49026 49027 49050 49051 49058 49059 49082 49083
77 2 48708 48969 48704 48705 48708 48709 48712 48713 48716 48717 48960 48961 48964 48965 48968 48969 48972 48973
77 2 48710 48892 48708 48710 48732 48734 48740 48742 48764 48766 48836 48838 48860 48862 48868 48870 48892 48894
77 2 48720 49001 48712 48713 48720 48721 48744 48745 48752 48753 48968 48969 48976 48977 49000 49001 49008 49009
77 2 48735 49045 48661 48663 48669 48671 48725 48727 48733 48735 49045 49047 49053 49055 49109 49111 49117 49119
77 2 48746 48822 48682 48686 48690 48694 48746 48750 48754 48758 48810 48814 48818 48822 48874 48878 48882 48886
77 2 48754 49115 48722 48723 48730 48731 48754 48755 48762 48763 49106 49107 49114 49115 49138 49139 49146 49147
77 2 48758 48904 48648 48654 48656 48662 48744 48750 48752 48758 48904 48910 48912 48918 49000 49006 49008 49014
77 2 48765 49076 48692 48693 48700 48701 48756 48757 48764 48765 49076 49077 49084 49085 49140 49141 49148 49149
77 2 48830 48885 48820 48821 48822 48823 48828 48829 48830 48831 48884 48885 48886 48887 48892 48893 48894 48895
77 2 48844 48977 48840 48841 48844 48845 48848 48849 48852 48853 48968 48969 48972 48973 48976 48977 48980 48981
77 2 48868 49066 48802 48804 48810 48812 48866 48868 48874 48876 49058 49060 49066 49068 49122 49124 49130 49132
77 2 48870 49087 48806 48807 48830 48831 48870 48871 48894 48895 49062 49063 49086 49087 49126 49127 49150 49151
77 2 48876 48960 48832 48836 48840 48844 48864 48868 48872 48876 48960 48964 48968 48972 48992 48996 49000 49004
77 2 48881 49027 48769 48771 48785 48787 48865 48867 48881 48883 49025 49027 49041 49043 49121 49123 49137 49139
77 2 48928 49075 48928 48929 48930 48931 48944 48945 48946 48947 49056 49057 49058 49059 49072 49073 49074 49075
77 2 48948 49047 48916 48917 48918 48919 48948 48949 48950 48951 49044 49045 49046 49047 49076 49077 49078 49079
77 2 48968 49049 48904 48905 48920 48921 48968 48969 48984 48985 49032 49033 49048 49049 49096 49097 49112 49113
77 2 49026 49077 49026 49027 49028 49029 49042 49043 49044 49045 49058 49059 49060 49061 49074 49075 49076 49077
93 2 58626 58733 58626 58627 58628 58629 58634 58635 58636 58637 58722 58723 58724 58725 58730 58731 58732 58733
93 2 58631 58786 58626 58627 58630 58631 58658 58659 58662 58663 58754 58755 58758 58759 58786 58787 58790 58791
93 2 58678 58754 58626 58630 58642 58646 58658 58662 58674 58678 58754 58758 58770 58774 58786 58790 58802 58806
93 2 58683 58732 58666 58667 58668 58669 58682 58683 58684 58685 58730 58731 58732 58733 58746 58747 58748 58749
93 2 58688 58857 58688 58689 58696 58697 58720 58721 58728 58729 58816 58817 58824 58825 58848 58849 58856 58857
93 2 58708 59246 58700 58702 58708 58710 58732 58734 58740 58742 59212 59214 59220 59222 59244 59246 59252 59254
93 2 58709 59183 58669 58671 58677 58679 58701 58703 58709 58711 59181 59183 59189 59191 59213 59215 59221 59223
93 2 58710 58993 58704 58705 58710 58711 58736 58737 58742 58743 58960 58961 58966 58967 58992 58993 58998 58999
93 2 58712 58798 58664 58670 58680 58686 58696 58702 58712 58718 58792 58798 58808 58814 58824 58830 58840 58846
93 2 58717 59049 58665 58669 58681 58685 58697 58701 58713 58717 59049 59053 59065 59069 59081 59085 59097 59101
93 2 58720 59245 58720 58721 58724 58725 58728 58729 58732 58733 59232 59233 59236 59237 59240 59241 59244 59245
93 2 58726 58908 58628 58630 58652 58654 58724 58726 58748 58750 58884 58886 58908 58910 58980 58982 59004 59006
93 2 58741 58768 58640 58641 58644 58645 58736 58737 58740 58741 58768 58769 58772 58773 58864 58865 58868 58869
93 2 58743 58777 58641 58647 58649 58655 58737 58743 58745 58751 58769 58775 58777 58783 58865 58871 58873 58879
93 2 58747 59185 58673 58675 58681 58683 58737 58739 58745 58747 59185 59187 59193 59195 59249 59251 59257 59259
93 2 58749 59203 58691 58693 58715 58717 58723 58725 58747 58749 59203 59205 59227 59229 59235 59237 59259 59261
93 2 58762 58817 58752 58753 58754 58755 58760 58761 58762 58763 58816 58817 58818 58819 58824 58825 58826 58827
93 2 58860 59064 58792 58796 58808 58812 58856 58860 58872 58876 59048 59052 59064 59068 59112 59116 59128 59132
93 2 58866 59223 58834 58835 58838 58839 58866 58867 58870 58871 59218 59219 59222 59223 59250 59251 59254 59255
93 2 58871 59045 58789 58791 58805 58807 58853 58855 58869 58871 59045 59047 59061 59063 59109 59111 59125 59127
93 2 58883 59166 58882 58883 58886 58887 58906 58907 58910 58911 59138 59139 59142 59143 59162 59163 59166 59167
93 2 58924 58979 58914 58915 58916 58917 58922 58923 58924 58925 58978 58979 58980 58981 58986 58987 58988 58989
93 2 58969 59024 58896 58897 58904 58905 58960 58961 58968 58969 59024 59025 59032 59033 59088 59089 59096 59097
93 2 58998 59243 58986 58987 58990 58991 58994 58995 58998 58999 59242 59243 59246 59247 59250 59251 59254 59255
93 2 59039 59138 59010 59011 59014 59015 59034 59035 59038 59039 59138 59139 59142 59143 59162 59163 59166 59167
93 2 59068 59075 59042 59043 59044 59045 59066 59067 59068 59069 59074 59075 59076 59077 59098 59099 59100 59101
61 3 38424 38988 38408 38412 38424 38428 38472 38476 38488 38492 38920 38924 38936 38940 38984 38988 39000 39004
61 3 38446 38501 38436 38437 38438 38439 38444 38445 38446 38447 38500 38501 38502 38503 38508 38509 38510 38511
61 3 38454 38604 38444 38446 38452 38454 38476 38478 38484 38486 38572 38574 38580 38582 38604 38606 38612 38614
61 3 38464 38762 38464 38466 38472 38474 38496 38498 38504 38506 38720 38722 38728 38730 38752 38754 38760 38762
61 3 38468 38926 38404 38406 38412 38414 38468 38470 38476 38478 38916 38918 38924 38926 38980 38982 38988 38990
61 3 38477 38943 38413 38415 38429 38431 38477 38479 38493 38495 38925 38927 38941 38943 38989 38991 39005 39007
61 3 38483 38553 38417 38419 38425 38427 38481 38483 38489 38491 38545 38547 38553 38555 38609 38611 38617 38619
61 3 38493 38807 38421 38423 38429 38431 38485 38487 38493 38495 38805 38807 38813 38815 38869 38871 38877 38879
61 3 38505 39000 38472 38473 38488 38489 38504 38505 38520 38521 38984 38985 39000 39001 39016 39017 39032 39033
61 3 38515 38618 38482 38483 38490 38491 38514 38515 38522 38523 38610 38611 38618 38619 38642 38643 38650 38651
61 3 38521 38923 38409 38411 38425 38427 38505 38507 38521 38523 38921 38923 38937 38939 39017 39019 39033 39035
61 3 38523 38791 38403 38407 38427 38431 38499 38503 38523 38527 38787 38791 38811 38815 38883 38887 38907 38911
61 3 38549 38704 38544 38545 38548 38549 38576 38577 38580 38581 38672 38673 38676 38677 38704 38705 38708 38709
61 3 38568 38837 38568 38569 38572 38573 38576 38577 38580 38581 38824 38825 38828 38829 38832 38833 38836 38837
61 3 38611 39039 38611 38615 38619 38623 38643 38647 38651 38655 38995 38999 39003 39007 39027 39031 39035 39039
61 3 38643 38751 38611 38615 38619 38623 38643 38647 38651 38655 38739 38743 38747 38751 38771 38775 38779 38783
61 3 38684 38915 38658 38659 38660 38661 38682 38683 38684 38685 38914 38915 38916 38917 38938 38939 38940 38941
61 3 38721 38963 38689 38691 38705 38707 38721 38723 38737 38739 38945 38947 38961 38963 38977 38979 38993 38995
61 3 38722 38789 38658 38659 38660 38661 38722 38723 38724 38725 38786 38787 38788 38789 38850 38851 38852 38853
61 3 38732 38822 38692 38694 38700 38702 38724 38726 38732 38734 38820 38822 38828 38830 38852 38854 38860 38862
61 3 38739 38909 38739 38741 38747 38749 38771 38773 38779 38781 38867 38869 38875 38877 38899 38901 38907 38909
61 3 38758 38866 38722 38726 38738 38742 38754 38758 38770 38774 38850 38854 38866 38870 38882 38886 38898 38902
61 3 38806 39015 38790 38791 38806 38807 38886 38887 38902 38903 38918 38919 38934 38935 39014 39015 39030 39031
61 3 38854 38922 38786 38790 38794 38798 38850 38854 38858 38862 38914 38918 38922 38926 38978 38982 38986 38990
77 3 48528 48934 48512 48518 48528 48534 48544 48550 48560 48566 48896 48902 48912 48918 48928 48934 48944 48950
77 3 48537 48976 48528 48529 48536 48537 48592 48593 48600 48601 48912 48913 48920 48921 48976 48977 48984 48985
77 3 48542 48687 48526 48527 48542 48543 48558 48559 48574 48575 48654 48655 48670 48671 48686 48687 48702 48703
77 3 48557 48878 48556 48557 48558 48559 48620 48621 48622 48623 48812 48813 48814 48815 48876 48877 48878 48879
77 3 48571 48734 48570 48571 48574 48575 48602 48603 48606 48607 48698 48699 48702 48703 48730 48731 48734 48735
77 3 48578 48939 48546 48547 48554 48555 48578 48579 48586 48587 48930 48931 48938 48939 48962 48963 48970 48971
77 3 48626 48936 48552 48554 48560 48562 48616 48618 48624 48626 48936 48938 48944 48946 49000 49002 49008 49010
77 3 48641 48766 48640 48641 48646 48647 48664 48665 48670 48671 48736 48737 48742 48743 48760 48761 48766 48767
77 3 48656 48909 48648 48649 48652 48653 48656 48657 48660 48661 48904 48905 48908 48909 48912 48913 48916 48917
77 3 48656 48838 48640 48646 48656 48662 48704 48710 48720 48726 48768 48774 48784 48790 48832 48838 48848 48854
77 3 48690 48795 48658 48659 48666 48667 48690 48691 48698 48699 48786 48787 48794 48795 48818 48819 48826 48827
77 3 48699 49026 48642 48643 48666 48667 48674 48675 48698 48699 49026 49027 49050 49051 49058 49059 49082 49083
77 3 48708 48969 48704 48705 48708 48709 48712 48713 48716 48717 48960 48961 48964 48965 48968 48969 48972 48973
77 3 48710 48892 48708 48710 48732 48734 48740 48742 48764 48766 48836 48838 48860 48862 48868 48870 48892 48894
77 3 48720 49001 48712 48713 48720 48721 48744 48745 48752 48753 48968 48969 48976 48977 49000 49001 49008 49009
77 3 48735 49045 48661 48663 48669 48671 48725 48727 48733 48735 49045 49047 49053 49055 49109 49111 49117 49119
77 3 48746 48822 48682 48686 48690 48694 48746 48750 48754 48758 48810 48814 48818 48822 48874 48878 48882 48886
77 3 48754 49115 48722 48723 48730 48731 48754 48755 48762 48763 49106 49107 49114 49115 49138 49139 49146 49147
77 3 48758 48904 48648 48654 48656 48662 48744 48750 48752 48758 48904 48910 48912 48918 49000 49006 49008 49014
77 3 48830 48885 48820 48821 48822 48823 48828 48829 48830 48831 48884 48885 48886 48887 48892 48893 48894 48895
77 3 48844 48977 48840 48841 48844 48845 48848 48849 48852 48853 48968 48969 48972 48973 48976 48977 48980 48981
77 3 48868 49066 48802 48804 48810 48812 48866 48868 48874 48876 49058 49060 49066 49068 49122 49124 49130 49132
77 3 48870 49087 48806 48807 48830 48831 48870 48871 48894 48895 49062 49063 49086 49087 49126 49127 49150 49151
77 3 48876 48960 48832 48836 48840 48844 48864 48868 48872 48876 48960 48964 48968 48972 48992 48996 49000 49004
77 3 48881 49027 48769 48771 48785 48787 48865 48867 48881 48883 49025 49027 49041 49043 49121 49123 49137 49139
77 3 48928 49075 48928 48929 48930 48931 48944 48945 48946 48947 49056 49057 49058 49059 49072 49073 49074 49075
77 3 48948 49047 48916 48917 48918 48919 48948 48949 48950 48951 49044 49045 49046 49047 49076 49077 49078 49079
77 3 48968 49049 48904 48905 48920 48921 48968 48969 48984 48985 49032 49033 49048 49049 49096 49097 49112 49113
77 3 49026 49077 49026 49027 49028 49029 49042 49043 49044 49045 49058 49059 49060 49061 49074 49075 49076 49077
93 3 58626 58733 58626 58627 58628 58629 58634 58635 58636 58637 58722 58723 58724 58725 58730 58731 58732 58733
93 3 58631 58786 58626 58627 58630 58631 58658 58659 58662 58663 58754 58755 58758 58759 58786 58787 58790 58791
93 3 58678 58754 58626 58630 58642 58646 58658 58662 58674 58678 58754 58758 58770 58774 58786 58790 58802 58806
93 3 58683 58732 58666 58667 58668 58669 58682 58683 58684 58685 58730 58731 58732 58733 58746 58747 58748 58749
93 3 58688 58857 58688 58689 58696 58697 58720 58721 58728 58729 58816 58817 58824 58825 58848 58849 58856 58857
93 3 58707 58919 58659 58663 58675 58679 58691 58695 58707 58711 58915 58919 58931 58935 58947 58951 58963 58967
93 3 58708 59246 58700 58702 58708 58710 58732 58734 58740 58742 59212 59214 59220 59222 59244 59246 59252 59254
93 3 58710 58993 58704 58705 58710 58711 58736 58737 58742 58743 58960 58961 58966 58967 58992 58993 58998 58999
93 3 58712 58798 58664 58670 58680 58686 58696 58702 58712 58718 58792 58798 58808 58814 58824 58830 58840 58846
93 3 58717 59049 58665 58669 58681 58685 58697 58701 58713 58717 59049 59053 59065 59069 59081 59085 59097 59101
93 3 58720 59245 58720 58721 58724 58725 58728 58729 58732 58733 59232 59233 59236 59237 59240 59241 59244 59245
93 3 58726 58908 58628 58630 58652 58654 58724 58726 58748 58750 58884 58886 58908 58910 58980 58982 59004 59006
93 3 58741 58768 58640 58641 58644 58645 58736 58737 58740 58741 58768 58769 58772 58773 58864 58865 58868 58869
93 3 58743 58777 58641 58647 58649 58655 58737 58743 58745 58751 58769 58775 58777 58783 58865 58871 58873 58879
93 3 58747 59185 58673 58675 58681 58683 58737 58739 58745 58747 59185 59187 59193 59195 59249 59251 59257 59259
93 3 58749 59203 58691 58693 58715 58717 58723 58725 58747 58749 59203 59205 59227 59229 59235 59237 59259 59261
93 3 58762 58817 58752 58753 58754 58755 58760 58761 58762 58763 58816 58817 58818 58819 58824 58825 58826 58827
93 3 58860 59064 58792 58796 58808 58812 58856 58860 58872 58876 59048 59052 59064 59068 59112 59116 59128 59132
93 3 58871 59045 58789 58791 58805 58807 58853 58855 58869 58871 59045 59047 59061 59063 59109 59111 59125 59127
93 3 58883 59166 58882 58883 58886 58887 58906 58907 58910 58911 59138 59139 59142 59143 59162 59163 59166 59167
93 3 58924 58979 58914 58915 58916 58917 58922 58923 58924 58925 58978 58979 58980 58981 58986 58987 58988 58989
93 3 58969 59024 58896 58897 58904 58905 58960 58961 58968 58969 59024 59025 59032 59033 59088 59089 59096 59097
93 3 59039 59138 59010 59011 59014 59015 59034 59035 59038 59039 59138 59139 59142 59143 59162 59163 59166 59167
93 3 59068 59075 59042 59043 59044 59045 59066 59067 59068 59069 59074 59075 59076 59077 59098 59099 59100 59101
93 3 59140 59243 59138 59139 59140 59141 59146 59147 59148 59149 59234 59235 59236 59237 59242 59243 59244 59245
