# Fault-free pool layout for DIMM 0 / s_id 77 calibration
# 276 rows, all in safe zone [38400, 39040)
# Generated from /tmp/fault_map2.txt
38434
38436
38439
38442
38444
38447
38451
38453
38455
38466
38468
38471
38474
38477
38479
38483
38485
38487
38499
38501
38503
38507
38509
38511
38515
38517
38519
38529
38530
38532
38534
38537
38538
38540
38542
38545
38546
38548
38550
38555
38557
38559
38560
38563
38565
38567
38568
38571
38573
38575
38576
38579
38581
38583
38585
38586
38588
38590
38592
38595
38597
38599
38600
38603
38605
38607
38608
38611
38613
38615
38617
38618
38620
38622
38624
38627
38629
38631
38632
38635
38637
38639
38640
38643
38645
38647
38649
38650
38652
38654
38657
38658
38660
38662
38665
38666
38668
38670
38673
38674
38676
38678
38683
38685
38687
38688
38691
38693
38695
38696
38699
38701
38703
38704
38707
38709
38711
38713
38714
38716
38718
38720
38723
38725
38727
38728
38731
38733
38735
38736
38739
38741
38743
38745
38746
38748
38750
38752
38755
38757
38759
38760
38763
38765
38767
38768
38771
38773
38775
38777
38778
38780
38782
38785
38786
38788
38790
38793
38794
38796
38798
38801
38802
38804
38806
38811
38813
38815
38816
38819
38821
38823
38824
38827
38829
38831
38832
38835
38837
38839
38841
38842
38844
38846
38848
38851
38853
38855
38856
38859
38861
38863
38864
38867
38869
38871
38873
38874
38876
38878
38880
38883
38885
38887
38888
38891
38893
38895
38896
38899
38901
38903
38905
38906
38908
38910
38913
38914
38916
38918
38921
38922
38926
38929
38930
38932
38934
38939
38941
38943
38944
38947
38949
38951
38952
38955
38957
38959
38960
38963
38965
38967
38969
38970
38972
38974
38976
38979
38981
38983
38987
38989
38991
38992
38995
38997
38999
39001
39002
39006
39008
39011
39013
39015
39016
39019
39021
39023
39024
39027
39029
39031
39033
39034
39036
39038
