# DIMM 0 bank 0 clone-ok pool (O5 2026-07-20)
# subset of pool_layout_dimm0_bank0.txt;
# silicon clone-check vs Rfirst=38424; 168 rows
# NOTE headers must stay <64 chars (fgets(line,64))
38434
38436
38439
38442
38444
38447
38451
38453
38455
38466
38468
38471
38474
38477
38479
38483
38485
38487
38499
38501
38503
38507
38509
38511
38515
38517
38519
38529
38530
38532
38534
38537
38538
38540
38542
38545
38546
38548
38550
38555
38557
38559
38560
38568
38576
38585
38586
38588
38590
38592
38600
38608
38617
38618
38620
38622
38624
38632
38640
38649
38650
38652
38654
38657
38658
38660
38662
38665
38666
38668
38670
38673
38674
38676
38678
38683
38685
38687
38688
38696
38704
38713
38714
38716
38718
38720
38728
38736
38745
38746
38748
38750
38752
38760
38768
38777
38778
38780
38782
38785
38786
38788
38790
38793
38794
38796
38798
38801
38802
38804
38806
38811
38813
38815
38816
38824
38832
38841
38842
38844
38846
38848
38856
38864
38873
38874
38876
38878
38880
38888
38896
38905
38906
38908
38910
38913
38914
38916
38918
38921
38922
38926
38929
38930
38932
38934
38939
38941
38943
38944
38952
38960
38969
38970
38972
38974
38976
38992
39001
39002
39006
39008
39016
39024
39033
39034
39036
39038
