# Fault-free pool layout for DIMM 2 / extra calib sub-cluster 84 (Rfirst=54150)
# window 54144 54784
# 192 rows. Independent set over the union fault-sweep conflict graph of this window's tuples
# (cross-bank union), no edges to open rows; overflow-eligible.
# All rows: RowClone-into-Rfirst verified on all 4 banks; pattern+antipattern write/read screened.
# Generated 2026-07-19 from dimm2_fault_sweep_subs_2026_07_18/ (task O1).
54153
54155
54157
54161
54163
54165
54169
54171
54177
54179
54181
54184
54186
54188
54191
54192
54194
54196
54199
54200
54202
54204
54207
54209
54211
54216
54218
54220
54223
54224
54226
54228
54231
54232
54234
54237
54241
54243
54245
54248
54250
54252
54255
54256
54258
54260
54263
54264
54266
54268
54271
54273
54275
54277
54280
54282
54284
54287
54288
54290
54292
54295
54296
54298
54300
54303
54304
54306
54308
54311
54318
54326
54334
54336
54338
54340
54343
54350
54358
54366
54368
54370
54372
54375
54382
54390
54398
54401
54403
54405
54408
54410
54412
54415
54416
54418
54420
54423
54424
54426
54428
54431
54432
54434
54436
54439
54446
54454
54462
54464
54466
54468
54471
54478
54486
54494
54496
54498
54500
54503
54510
54518
54526
54529
54531
54536
54538
54540
54543
54544
54546
54548
54551
54552
54554
54557
54560
54562
54564
54567
54574
54582
54590
54592
54594
54597
54606
54614
54623
54624
54626
54628
54631
54638
54646
54654
54657
54659
54661
54664
54666
54668
54671
54672
54674
54676
54679
54680
54682
54684
54687
54688
54690
54692
54695
54702
54710
54718
54720
54722
54724
54727
54734
54742
54750
54752
54754
54756
54759
54766
54774
54782
