# window 47232 47872
# O9 pilot pool sub73 bank0 188 rows
# greedy IS asc-degree, clone-LAW-filtered (even Rf)
47241
47245
47247
47249
47253
47255
47265
47269
47271
47272
47275
47276
47278
47280
47283
47284
47286
47288
47291
47292
47294
47304
47307
47308
47310
47312
47315
47316
47318
47321
47325
47327
47329
47333
47335
47336
47339
47340
47342
47344
47347
47348
47350
47352
47355
47356
47358
47361
47365
47367
47368
47371
47372
47374
47376
47379
47380
47382
47384
47387
47388
47390
47392
47395
47396
47398
47402
47410
47418
47424
47427
47428
47430
47434
47442
47450
47456
47459
47460
47462
47466
47474
47482
47489
47493
47495
47496
47499
47500
47502
47504
47507
47508
47510
47512
47516
47518
47520
47523
47524
47526
47530
47538
47546
47552
47556
47558
47562
47570
47584
47587
47588
47590
47594
47602
47610
47617
47621
47623
47624
47627
47628
47630
47632
47635
47636
47638
47640
47643
47644
47646
47648
47651
47652
47654
47658
47666
47674
47680
47683
47684
47686
47690
47698
47706
47712
47715
47716
47718
47722
47730
47738
47745
47749
47751
47752
47755
47756
47758
47760
47763
47764
47766
47768
47771
47772
47774
47776
47779
47780
47782
47786
47794
47802
47808
47811
47812
47814
47818
47826
47834
47840
47843
47844
47846
47850
47858
47866
