# window 51072 51712
# O9 pilot pool sub79 bank0 188 rows
# greedy IS asc-degree, clone-LAW-filtered (even Rf)
51089
51091
51095
51097
51099
51103
51113
51115
51119
51120
51122
51125
51126
51128
51130
51133
51134
51137
51139
51143
51144
51146
51149
51150
51152
51154
51157
51158
51160
51162
51165
51166
51169
51171
51175
51176
51178
51181
51182
51184
51186
51189
51190
51192
51194
51197
51198
51201
51203
51207
51208
51210
51214
51216
51218
51221
51222
51224
51226
51229
51230
51232
51234
51238
51252
51260
51264
51266
51269
51270
51276
51284
51292
51296
51298
51301
51302
51308
51316
51324
51329
51331
51335
51336
51338
51341
51342
51344
51346
51349
51350
51352
51354
51357
51358
51360
51362
51365
51366
51372
51380
51388
51392
51394
51397
51398
51404
51412
51420
51424
51426
51429
51430
51436
51444
51452
51457
51459
51463
51464
51466
51469
51470
51472
51474
51477
51478
51480
51482
51485
51486
51488
51490
51493
51494
51500
51508
51516
51520
51522
51525
51526
51532
51540
51548
51552
51554
51557
51558
51564
51572
51580
51585
51587
51591
51592
51594
51597
51598
51600
51602
51605
51606
51608
51610
51613
51614
51616
51618
51621
51622
51628
51636
51644
51648
51650
51653
51654
51660
51668
51676
51680
51682
51685
51686
51692
51700
51708
