# Fault-free pool layout for DIMM 2 / s_id 72 calibration
# 294 rows, all in safe zone [45312, 45952)
# Independent set over fault-sweep conflict graph (bank-invariant)
# Generated 2026-05-21 from dimm2_fault_sweep/bank0.log
45313
45315
45321
45323
45329
45331
45344
45346
45349
45350
45352
45354
45357
45358
45360
45362
45365
45366
45369
45371
45375
45376
45378
45381
45382
45384
45386
45389
45390
45392
45394
45397
45398
45401
45403
45407
45408
45410
45415
45416
45418
45423
45424
45426
45431
45435
45440
45442
45445
45446
45448
45450
45453
45454
45456
45458
45461
45462
45465
45467
45471
45473
45475
45476
45479
45481
45483
45484
45487
45489
45491
45492
45495
45496
45498
45501
45502
45505
45507
45508
45511
45513
45515
45516
45519
45521
45523
45524
45527
45528
45530
45533
45534
45537
45539
45540
45543
45545
45547
45548
45551
45553
45555
45556
45559
45560
45562
45565
45566
45568
45570
45573
45574
45576
45578
45581
45582
45584
45586
45589
45590
45593
45595
45599
45601
45603
45604
45607
45609
45611
45612
45615
45617
45619
45620
45623
45624
45626
45629
45630
45633
45635
45636
45639
45641
45643
45644
45647
45649
45651
45652
45655
45656
45658
45661
45662
45665
45667
45668
45671
45673
45675
45676
45679
45681
45683
45684
45687
45688
45690
45693
45694
45696
45698
45701
45702
45704
45706
45709
45710
45712
45714
45717
45718
45723
45729
45731
45732
45735
45737
45739
45740
45743
45745
45747
45748
45751
45752
45754
45757
45758
45761
45763
45764
45767
45769
45771
45772
45775
45777
45779
45780
45783
45784
45786
45789
45790
45793
45795
45796
45799
45801
45803
45804
45807
45809
45811
45812
45815
45817
45818
45824
45826
45829
45830
45832
45834
45837
45838
45840
45842
45845
45846
45849
45851
45855
45857
45859
45860
45863
45865
45867
45868
45871
45873
45875
45876
45879
45880
45882
45885
45886
45889
45891
45892
45895
45897
45899
45900
45903
45905
45907
45908
45911
45912
45914
45917
45918
45921
45923
45924
45927
45929
45931
45932
45935
45937
45939
45940
45943
45944
45946
45949
45950
