# Fault-free pool layout for DIMM 0 / s_id 77 calibration
# 348 rows, all in safe zone [38400, 39040)
# Generated from /tmp/fault_map2.txt
38401
38403
38405
38417
38419
38421
38425
38427
38429
38436
38437
38438
38439
38444
38445
38446
38447
38465
38467
38469
38481
38483
38485
38489
38491
38493
38497
38499
38500
38501
38502
38503
38508
38509
38510
38511
38513
38515
38517
38521
38523
38525
38528
38529
38530
38531
38532
38533
38535
38537
38539
38541
38544
38545
38546
38547
38548
38549
38551
38552
38553
38554
38555
38556
38557
38559
38561
38563
38565
38577
38579
38581
38585
38587
38589
38592
38593
38594
38595
38596
38597
38599
38601
38603
38605
38608
38609
38610
38611
38612
38613
38615
38616
38617
38618
38619
38620
38621
38623
38624
38625
38626
38627
38628
38629
38631
38633
38635
38637
38640
38641
38642
38643
38644
38645
38647
38648
38649
38650
38651
38652
38653
38655
38656
38657
38658
38659
38660
38661
38663
38665
38667
38669
38672
38673
38674
38675
38676
38677
38679
38680
38681
38682
38683
38684
38685
38687
38689
38691
38693
38705
38707
38709
38713
38715
38717
38720
38721
38722
38723
38724
38725
38727
38729
38731
38733
38736
38737
38738
38739
38740
38741
38743
38744
38745
38746
38747
38748
38749
38751
38752
38753
38754
38755
38756
38757
38759
38761
38763
38765
38768
38769
38770
38771
38772
38773
38775
38776
38777
38778
38779
38780
38781
38783
38784
38785
38786
38787
38788
38789
38791
38793
38795
38797
38800
38801
38802
38803
38804
38805
38807
38808
38809
38810
38811
38812
38813
38815
38817
38819
38821
38833
38835
38837
38841
38843
38845
38848
38849
38850
38851
38852
38853
38855
38857
38859
38861
38864
38865
38866
38867
38868
38869
38871
38872
38873
38874
38875
38876
38877
38879
38880
38881
38882
38883
38884
38885
38887
38889
38891
38893
38896
38897
38898
38899
38900
38901
38903
38904
38905
38906
38907
38908
38909
38911
38912
38913
38915
38916
38917
38919
38921
38922
38925
38929
38931
38933
38934
38937
38939
38941
38942
38945
38946
38949
38955
38960
38962
38964
38967
38968
38970
38972
38975
38976
38977
38979
38980
38981
38983
38985
38986
38989
38993
38995
38997
38998
39001
39003
39005
39006
39008
39009
39011
39012
39013
39015
39017
39018
39021
39025
39027
39029
39030
39033
39035
39037
39038
