# DIMM 0 bank 1 clone-ok pool (O5 2026-07-20)
# subset of pool_layout_dimm0_bank1.txt;
# silicon clone-check vs Rfirst=38446; 223 rows
# NOTE headers must stay <64 chars (fgets(line,64))
38401
38403
38417
38419
38421
38425
38427
38429
38465
38467
38469
38481
38483
38485
38489
38491
38493
38497
38499
38513
38515
38517
38521
38523
38525
38528
38530
38532
38535
38537
38539
38541
38544
38546
38548
38551
38552
38554
38556
38559
38561
38563
38565
38577
38579
38581
38585
38587
38589
38592
38594
38596
38599
38601
38603
38605
38608
38610
38612
38615
38616
38618
38620
38623
38624
38626
38628
38631
38633
38635
38637
38640
38642
38644
38647
38648
38650
38652
38655
38656
38658
38660
38663
38665
38667
38669
38672
38674
38676
38679
38680
38682
38684
38687
38689
38691
38693
38705
38707
38709
38713
38715
38717
38720
38722
38724
38727
38729
38731
38733
38736
38738
38740
38743
38744
38746
38748
38751
38752
38754
38756
38759
38761
38763
38765
38768
38770
38772
38775
38776
38778
38780
38783
38784
38786
38788
38791
38793
38795
38797
38800
38802
38804
38807
38808
38810
38812
38815
38817
38819
38821
38833
38835
38837
38841
38843
38845
38848
38850
38852
38855
38857
38859
38861
38864
38866
38868
38871
38872
38874
38876
38879
38880
38882
38884
38887
38889
38891
38893
38896
38898
38900
38903
38904
38906
38908
38911
38912
38916
38919
38921
38922
38925
38934
38942
38945
38946
38949
38955
38960
38962
38964
38967
38968
38970
38972
38975
38976
38980
38983
38985
38986
38989
38998
39006
39008
39012
39015
39017
39018
39021
39030
39038
